//skill_tree.txt＠AthenaDB計画 2004/07/12 20:33:44 +0900 (JST)
// Upper,JobNo,Skill-ID,MaxLV,前提Skill-ID-1,前提Skill-ID-1-Lv,計5個まで繰り返し
// Novice
0,0,1,9,0,0,0,0,0,0,0,0,0,0//NV_BASIC	#基本スキル#
0,0,142,1,0,0,0,0,0,0,0,0,0,0//NV_FIRSTAID	#応急手当#
0,0,143,1,0,0,0,0,0,0,0,0,0,0//NV_TRICKDEAD	#死んだふり#
// Swordman
0,1,1,9,0,0,0,0,0,0,0,0,0,0//NV_BASIC	#基本スキル#
0,1,2,10,0,0,0,0,0,0,0,0,0,0//SM_SWORD	#剣修練#
0,1,3,10,2,1,0,0,0,0,0,0,0,0//SM_TWOHAND	#両手剣修練#
0,1,4,10,0,0,0,0,0,0,0,0,0,0//SM_RECOVERY	#HP回復力向上#
0,1,5,10,0,0,0,0,0,0,0,0,0,0//SM_BASH	#バッシュ#
0,1,6,10,0,0,0,0,0,0,0,0,0,0//SM_PROVOKE	#プロボック#
0,1,7,10,5,5,0,0,0,0,0,0,0,0//SM_MAGNUM	#マグナムブレイク#
0,1,8,10,6,5,0,0,0,0,0,0,0,0//SM_ENDURE	#インデュア#
0,1,142,1,0,0,0,0,0,0,0,0,0,0//NV_FIRSTAID	#応急手当#
0,1,144,1,0,0,0,0,0,0,0,0,0,0//SM_MOVINGRECOVERY	#移動時HP回復#
0,1,145,1,0,0,0,0,0,0,0,0,0,0//SM_FATALBLOW	#急所攻撃#
0,1,146,1,0,0,0,0,0,0,0,0,0,0//SM_AUTOBERSERK	#オートバーサーク#
// Magican
0,2,1,9,0,0,0,0,0,0,0,0,0,0//NV_BASIC	#基本スキル#
0,2,9,10,0,0,0,0,0,0,0,0,0,0//MG_SRECOVERY	#SP回復力向上#
0,2,10,1,0,0,0,0,0,0,0,0,0,0//MG_SIGHT	#サイト#
0,2,11,10,0,0,0,0,0,0,0,0,0,0//MG_NAPALMBEAT	#ナパームビート#
0,2,12,10,11,7,13,5,0,0,0,0,0,0//MG_SAFETYWALL	#セイフティウォール#
0,2,13,10,11,4,0,0,0,0,0,0,0,0//MG_SOULSTRIKE	#ソウルストライク#
0,2,14,10,0,0,0,0,0,0,0,0,0,0//MG_COLDBOLT	#コールドボルト#
0,2,15,10,14,5,0,0,0,0,0,0,0,0//MG_FROSTDIVER	#フロストダイバー#
0,2,16,10,0,0,0,0,0,0,0,0,0,0//MG_STONECURSE	#ストーンカース#
0,2,17,10,19,4,0,0,0,0,0,0,0,0//MG_FIREBALL	#ファイアーボール#
0,2,18,10,10,1,17,5,0,0,0,0,0,0//MG_FIREWALL	#ファイアーウォール#
0,2,19,10,0,0,0,0,0,0,0,0,0,0//MG_FIREBOLT	#ファイアーボルト#
0,2,20,10,0,0,0,0,0,0,0,0,0,0//MG_LIGHTNINGBOLT	#ライトニングボルト#
0,2,21,10,20,4,0,0,0,0,0,0,0,0//MG_THUNDERSTORM	#サンダーストーム#
0,2,142,1,0,0,0,0,0,0,0,0,0,0//NV_FIRSTAID	#応急手当#
0,2,157,1,0,0,0,0,0,0,0,0,0,0//MG_ENERGYCOAT	#エナジーコート#
// Archer
0,3,1,9,0,0,0,0,0,0,0,0,0,0//NV_BASIC	#基本スキル#
0,3,43,10,0,0,0,0,0,0,0,0,0,0//AC_OWL	#ふくろうの目#
0,3,44,10,43,3,0,0,0,0,0,0,0,0//AC_VULTURE	#ワシの目#
0,3,45,10,44,1,0,0,0,0,0,0,0,0//AC_CONCENTRATION	#集中力向上#
0,3,46,10,0,0,0,0,0,0,0,0,0,0//AC_DOUBLE	#ダブルストレイフィング#
0,3,47,10,46,5,0,0,0,0,0,0,0,0//AC_SHOWER	#アローシャワー#
0,3,142,1,0,0,0,0,0,0,0,0,0,0//NV_FIRSTAID	#応急手当#
0,3,147,1,0,0,0,0,0,0,0,0,0,0//AC_MAKINGARROW	#矢作成#
0,3,148,1,0,0,0,0,0,0,0,0,0,0//AC_CHARGEARROW	#チャージアロー#
// Acolyte
0,4,1,9,0,0,0,0,0,0,0,0,0,0//NV_BASIC	#基本スキル#
0,4,22,10,0,0,0,0,0,0,0,0,0,0//AL_DP	#ディバインプロテクション#
0,4,23,10,22,3,0,0,0,0,0,0,0,0//AL_DEMONBANE	#デーモンベイン#
0,4,24,1,0,0,0,0,0,0,0,0,0,0//AL_RUWACH	#ルアフ#
0,4,25,1,27,4,0,0,0,0,0,0,0,0//AL_PNEUMA	#ニューマ#
0,4,26,2,24,1,0,0,0,0,0,0,0,0//AL_TELEPORT	#テレポート#
0,4,27,4,26,2,0,0,0,0,0,0,0,0//AL_WARP	#ワープポータル#
0,4,28,10,0,0,0,0,0,0,0,0,0,0//AL_HEAL	#ヒール#
0,4,29,10,28,3,0,0,0,0,0,0,0,0//AL_INCAGI	#速度増加#
0,4,30,10,29,1,0,0,0,0,0,0,0,0//AL_DECAGI	#速度減少#
0,4,31,1,0,0,0,0,0,0,0,0,0,0//AL_HOLYWATER	#アクアベネディクタ#
0,4,32,10,23,3,0,0,0,0,0,0,0,0//AL_CRUCIS	#シグナムクルシス#
0,4,33,10,22,3,0,0,0,0,0,0,0,0//AL_ANGELUS	#エンジェラス#
0,4,34,10,22,5,0,0,0,0,0,0,0,0//AL_BLESSING	#ブレッシング#
0,4,35,1,28,2,0,0,0,0,0,0,0,0//AL_CURE	#キュアー#
0,4,142,1,0,0,0,0,0,0,0,0,0,0//NV_FIRSTAID	#応急手当#
0,4,156,1,0,0,0,0,0,0,0,0,0,0//AL_HOLYLIGHT	#ホーリーライト#
// Merchant
0,5,1,9,0,0,0,0,0,0,0,0,0,0//NV_BASIC	#基本スキル#
0,5,36,10,0,0,0,0,0,0,0,0,0,0//MC_INCCARRY	#所持限界量増加#
0,5,37,10,36,3,0,0,0,0,0,0,0,0//MC_DISCOUNT	#ディスカウント#
0,5,38,10,37,3,0,0,0,0,0,0,0,0//MC_OVERCHARGE	#オーバーチャージ#
0,5,39,10,36,5,0,0,0,0,0,0,0,0//MC_PUSHCART	#プッシュカート#
0,5,40,1,0,0,0,0,0,0,0,0,0,0//MC_IDENTIFY	#アイテム鑑定#
0,5,41,10,39,3,0,0,0,0,0,0,0,0//MC_VENDING	#露店開設#
0,5,42,10,0,0,0,0,0,0,0,0,0,0//MC_MAMMONITE	#メマーナイト#
0,5,142,1,0,0,0,0,0,0,0,0,0,0//NV_FIRSTAID	#応急手当#
0,5,153,1,0,0,0,0,0,0,0,0,0,0//MC_CARTREVOLUTION	#カートレボリューション#
0,5,154,1,0,0,0,0,0,0,0,0,0,0//MC_CHANGECART	#チェンジカート#
0,5,155,1,0,0,0,0,0,0,0,0,0,0//MC_LOUD	#ラウドボイス#
// Thief
0,6,1,9,0,0,0,0,0,0,0,0,0,0//NV_BASIC	#基本スキル#
0,6,48,10,0,0,0,0,0,0,0,0,0,0//TF_DOUBLE	#ダブルアタック#
0,6,49,10,0,0,0,0,0,0,0,0,0,0//TF_MISS	#回避率増加#
0,6,50,10,0,0,0,0,0,0,0,0,0,0//TF_STEAL	#スティール#
0,6,51,10,50,5,0,0,0,0,0,0,0,0//TF_HIDING	#ハイディング#
0,6,52,10,0,0,0,0,0,0,0,0,0,0//TF_POISON	#インベナム#
0,6,53,1,52,3,0,0,0,0,0,0,0,0//TF_DETOXIFY	#解毒#
0,6,142,1,0,0,0,0,0,0,0,0,0,0//NV_FIRSTAID	#応急手当#
0,6,149,1,0,0,0,0,0,0,0,0,0,0//TF_SPRINKLESAND	#砂まき#
0,6,150,1,0,0,0,0,0,0,0,0,0,0//TF_BACKSLIDING	#バックステップ#
0,6,151,1,0,0,0,0,0,0,0,0,0,0//TF_PICKSTONE	#石拾い#
0,6,152,1,0,0,0,0,0,0,0,0,0,0//TF_THROWSTONE	#石投げ#
// Knight
0,7,1,9,0,0,0,0,0,0,0,0,0,0//NV_BASIC	#基本スキル#
0,7,2,10,0,0,0,0,0,0,0,0,0,0//SM_SWORD	#剣修練#
0,7,3,10,2,1,0,0,0,0,0,0,0,0//SM_TWOHAND	#両手剣修練#
0,7,4,10,0,0,0,0,0,0,0,0,0,0//SM_RECOVERY	#HP回復力向上#
0,7,5,10,0,0,0,0,0,0,0,0,0,0//SM_BASH	#バッシュ#
0,7,6,10,0,0,0,0,0,0,0,0,0,0//SM_PROVOKE	#プロボック#
0,7,7,10,5,5,0,0,0,0,0,0,0,0//SM_MAGNUM	#マグナムブレイク#
0,7,8,10,6,5,0,0,0,0,0,0,0,0//SM_ENDURE	#インデュア#
0,7,55,10,0,0,0,0,0,0,0,0,0,0//KN_SPEARMASTERY	#槍修練#
0,7,56,10,55,1,0,0,0,0,0,0,0,0//KN_PIERCE	#ピアース#
0,7,57,10,58,3,63,1,0,0,0,0,0,0//KN_BRANDISHSPEAR	#ブランディッシュスピア#
0,7,58,10,56,5,0,0,0,0,0,0,0,0//KN_SPEARSTAB	#スピアスタブ#
0,7,59,5,56,3,0,0,0,0,0,0,0,0//KN_SPEARBOOMERANG	#スピアブーメラン#
0,7,60,10,3,1,0,0,0,0,0,0,0,0//KN_TWOHANDQUICKEN	#ツーハンドクイッケン#
0,7,61,5,3,1,0,0,0,0,0,0,0,0//KN_AUTOCOUNTER	#オートカウンター#
0,7,62,10,3,5,5,10,7,3,60,10,61,5//KN_BOWLINGBASH	#ボウリングバッシュ#
0,7,63,1,8,1,0,0,0,0,0,0,0,0//KN_RIDING	#ライディング#
0,7,64,10,63,1,0,0,0,0,0,0,0,0//KN_CAVALIERMASTERY	#騎兵修練#
0,7,142,1,0,0,0,0,0,0,0,0,0,0//NV_FIRSTAID	#応急手当#
0,7,144,1,0,0,0,0,0,0,0,0,0,0//SM_MOVINGRECOVERY	#移動時HP回復#
0,7,145,1,0,0,0,0,0,0,0,0,0,0//SM_FATALBLOW	#急所攻撃#
0,7,146,1,0,0,0,0,0,0,0,0,0,0//SM_AUTOBERSERK	#オートバーサーク#
// Priest
0,8,1,9,0,0,0,0,0,0,0,0,0,0//NV_BASIC	#基本スキル#
0,8,9,10,0,0,0,0,0,0,0,0,0,0//MG_SRECOVERY	#SP回復力向上#
0,8,12,10,68,4,70,3,0,0,0,0,0,0//MG_SAFETYWALL	#セイフティウォール#
0,8,22,10,0,0,0,0,0,0,0,0,0,0//AL_DP	#ディバインプロテクション#
0,8,23,10,22,3,0,0,0,0,0,0,0,0//AL_DEMONBANE	#デーモンベイン#
0,8,24,1,0,0,0,0,0,0,0,0,0,0//AL_RUWACH	#ルアフ#
0,8,25,1,27,4,0,0,0,0,0,0,0,0//AL_PNEUMA	#ニューマ#
0,8,26,2,24,1,0,0,0,0,0,0,0,0//AL_TELEPORT	#テレポート#
0,8,27,4,26,2,0,0,0,0,0,0,0,0//AL_WARP	#ワープポータル#
0,8,28,10,0,0,0,0,0,0,0,0,0,0//AL_HEAL	#ヒール#
0,8,29,10,28,3,0,0,0,0,0,0,0,0//AL_INCAGI	#速度増加#
0,8,30,10,29,1,0,0,0,0,0,0,0,0//AL_DECAGI	#速度減少#
0,8,31,1,0,0,0,0,0,0,0,0,0,0//AL_HOLYWATER	#アクアベネディクタ#
0,8,32,10,23,3,0,0,0,0,0,0,0,0//AL_CRUCIS	#シグナムクルシス#
0,8,33,10,22,3,0,0,0,0,0,0,0,0//AL_ANGELUS	#エンジェラス#
0,8,34,10,22,5,0,0,0,0,0,0,0,0//AL_BLESSING	#ブレッシング#
0,8,35,1,28,2,0,0,0,0,0,0,0,0//AL_CURE	#キュアー#
0,8,54,4,9,4,72,1,0,0,0,0,0,0//ALL_RESURRECTION	#リザレクション#
0,8,65,10,0,0,0,0,0,0,0,0,0,0//PR_MACEMASTERY	#メイス修練#
0,8,66,5,0,0,0,0,0,0,0,0,0,0//PR_IMPOSITIO	#イムポシティオマヌス#
0,8,67,3,66,2,0,0,0,0,0,0,0,0//PR_SUFFRAGIUM	#サフラギウム#
0,8,68,5,31,1,66,3,0,0,0,0,0,0//PR_ASPERSIO	#アスペルシオ#
0,8,69,5,68,5,75,3,0,0,0,0,0,0//PR_BENEDICTIO	#聖体降福#
0,8,70,10,28,1,0,0,0,0,0,0,0,0//PR_SANCTUARY	#サンクチュアリ#
0,8,71,4,0,0,0,0,0,0,0,0,0,0//PR_SLOWPOISON	#スローポイズン#
0,8,72,1,0,0,0,0,0,0,0,0,0,0//PR_STRECOVERY	#リカバリー#
0,8,73,10,33,2,0,0,0,0,0,0,0,0//PR_KYRIE	#キリエエレイソン#
0,8,74,5,0,0,0,0,0,0,0,0,0,0//PR_MAGNIFICAT	#マグニフィカート#
0,8,75,5,73,4,74,3,0,0,0,0,0,0//PR_GLORIA	#グロリア#
0,8,76,10,24,1,0,0,0,0,0,0,0,0//PR_LEXDIVINA	#レックスディビーナ#
0,8,77,10,54,1,76,3,0,0,0,0,0,0//PR_TURNUNDEAD	#ターンアンデッド#
0,8,78,1,76,5,0,0,0,0,0,0,0,0//PR_LEXAETERNA	#レックスエーテルナ#
0,8,79,10,12,1,77,3,78,1,0,0,0,0//PR_MAGNUS	#マグヌスエクソシズム#
0,8,142,1,0,0,0,0,0,0,0,0,0,0//NV_FIRSTAID	#応急手当#
0,8,156,1,0,0,0,0,0,0,0,0,0,0//AL_HOLYLIGHT	#ホーリーライト#
// Wizard
0,9,1,9,0,0,0,0,0,0,0,0,0,0//NV_BASIC	#基本スキル#
0,9,9,10,0,0,0,0,0,0,0,0,0,0//MG_SRECOVERY	#SP回復力向上#
0,9,10,1,0,0,0,0,0,0,0,0,0,0//MG_SIGHT	#サイト#
0,9,11,10,0,0,0,0,0,0,0,0,0,0//MG_NAPALMBEAT	#ナパームビート#
0,9,12,10,11,7,13,5,0,0,0,0,0,0//MG_SAFETYWALL	#セイフティウォール#
0,9,13,10,11,4,0,0,0,0,0,0,0,0//MG_SOULSTRIKE	#ソウルストライク#
0,9,14,10,0,0,0,0,0,0,0,0,0,0//MG_COLDBOLT	#コールドボルト#
0,9,15,10,14,5,0,0,0,0,0,0,0,0//MG_FROSTDIVER	#フロストダイバー#
0,9,16,10,0,0,0,0,0,0,0,0,0,0//MG_STONECURSE	#ストーンカース#
0,9,17,10,19,4,0,0,0,0,0,0,0,0//MG_FIREBALL	#ファイアーボール#
0,9,18,10,10,1,17,5,0,0,0,0,0,0//MG_FIREWALL	#ファイアーウォール#
0,9,19,10,0,0,0,0,0,0,0,0,0,0//MG_FIREBOLT	#ファイアーボルト#
0,9,20,10,0,0,0,0,0,0,0,0,0,0//MG_LIGHTNINGBOLT	#ライトニングボルト#
0,9,21,10,20,4,0,0,0,0,0,0,0,0//MG_THUNDERSTORM	#サンダーストーム#
0,9,80,10,18,1,0,0,0,0,0,0,0,0//WZ_FIREPILLAR	#ファイアーピラー#
0,9,81,10,10,1,20,1,0,0,0,0,0,0//WZ_SIGHTRASHER	#サイトラッシャー#
0,9,83,10,21,1,81,2,0,0,0,0,0,0//WZ_METEOR	#メテオストーム#
0,9,84,10,11,1,20,1,0,0,0,0,0,0//WZ_JUPITEL	#ユピテルサンダー#
0,9,85,10,21,1,84,5,0,0,0,0,0,0//WZ_VERMILION	#ロードオブヴァーミリオン#
0,9,86,5,14,1,20,1,0,0,0,0,0,0//WZ_WATERBALL	#ウォーターボール#
0,9,87,10,15,1,16,1,0,0,0,0,0,0//WZ_ICEWALL	#アイスウォール#
0,9,88,10,87,1,0,0,0,0,0,0,0,0//WZ_FROSTNOVA	#フロストノヴァ#
0,9,89,10,15,1,84,3,0,0,0,0,0,0//WZ_STORMGUST	#ストームガスト#
0,9,90,5,16,1,0,0,0,0,0,0,0,0//WZ_EARTHSPIKE	#アーススパイク#
0,9,91,5,90,3,0,0,0,0,0,0,0,0//WZ_HEAVENDRIVE	#ヘヴンズドライブ#
0,9,92,5,91,1,0,0,0,0,0,0,0,0//WZ_QUAGMIRE	#クァグマイア#
0,9,93,1,0,0,0,0,0,0,0,0,0,0//WZ_ESTIMATION	#モンスター情報#
0,9,142,1,0,0,0,0,0,0,0,0,0,0//NV_FIRSTAID	#応急手当#
0,9,157,1,0,0,0,0,0,0,0,0,0,0//MG_ENERGYCOAT	#エナジーコート#
// Black Smith
0,10,1,9,0,0,0,0,0,0,0,0,0,0//NV_BASIC	#基本スキル#
0,10,36,10,0,0,0,0,0,0,0,0,0,0//MC_INCCARRY	#所持限界量増加#
0,10,37,10,36,3,0,0,0,0,0,0,0,0//MC_DISCOUNT	#ディスカウント#
0,10,38,10,37,3,0,0,0,0,0,0,0,0//MC_OVERCHARGE	#オーバーチャージ#
0,10,39,10,36,5,0,0,0,0,0,0,0,0//MC_PUSHCART	#プッシュカート#
0,10,40,1,0,0,0,0,0,0,0,0,0,0//MC_IDENTIFY	#アイテム鑑定#
0,10,41,10,39,3,0,0,0,0,0,0,0,0//MC_VENDING	#露店開設#
0,10,42,10,0,0,0,0,0,0,0,0,0,0//MC_MAMMONITE	#メマーナイト#
0,10,94,5,0,0,0,0,0,0,0,0,0,0//BS_IRON	#鉄製造#
0,10,95,5,94,1,0,0,0,0,0,0,0,0//BS_STEEL	#鋼鉄製造#
0,10,96,5,0,0,0,0,0,0,0,0,0,0//BS_ENCHANTEDSTONE	#属性石製造#
0,10,97,10,96,1,0,0,0,0,0,0,0,0//BS_ORIDEOCON	#オリデオコン研究#
0,10,98,3,0,0,0,0,0,0,0,0,0,0//BS_DAGGER	#短剣製作#
0,10,99,3,98,1,0,0,0,0,0,0,0,0//BS_SWORD	#剣製作#
0,10,100,3,99,1,0,0,0,0,0,0,0,0//BS_TWOHANDSWORD	#両手剣製作#
0,10,101,3,99,2,0,0,0,0,0,0,0,0//BS_AXE	#斧製作#
0,10,102,3,103,1,0,0,0,0,0,0,0,0//BS_MACE	#メイス製作#
0,10,103,3,98,1,0,0,0,0,0,0,0,0//BS_KNUCKLE	#ナックル製作#
0,10,104,3,98,2,0,0,0,0,0,0,0,0//BS_SPEAR	#槍製作#
0,10,105,1,0,0,0,0,0,0,0,0,0,0//BS_HILTBINDING	#ヒルトバインディング#
0,10,106,1,95,1,105,1,0,0,0,0,0,0//BS_FINDINGORE	#鉱石発見#
0,10,107,10,105,1,0,0,0,0,0,0,0,0//BS_WEAPONRESEARCH	#武器研究#
0,10,108,1,107,1,0,0,0,0,0,0,0,0//BS_REPAIRWEAPON	#武器修理#
0,10,109,5,0,0,0,0,0,0,0,0,0,0//BS_SKINTEMPER	#スキンテンパリング#
0,10,110,5,0,0,0,0,0,0,0,0,0,0//BS_HAMMERFALL	#ハンマーフォール#
0,10,111,5,110,2,0,0,0,0,0,0,0,0//BS_ADRENALINE	#アドレナリンラッシュ#
0,10,112,5,107,2,111,2,0,0,0,0,0,0//BS_WEAPONPERFECT	#ウェポンパーフェクション#
0,10,113,5,111,3,0,0,0,0,0,0,0,0//BS_OVERTHRUST	#オーバートラスト#
0,10,114,5,112,3,113,2,0,0,0,0,0,0//BS_MAXIMIZE	#マキシマイズパワー#
0,10,142,1,0,0,0,0,0,0,0,0,0,0//NV_FIRSTAID	#応急手当#
0,10,153,1,0,0,0,0,0,0,0,0,0,0//MC_CARTREVOLUTION	#カートレボリューション#
0,10,154,1,0,0,0,0,0,0,0,0,0,0//MC_CHANGECART	#チェンジカート#
0,10,155,1,0,0,0,0,0,0,0,0,0,0//MC_LOUD	#ラウドボイス#
// Hunter
0,11,1,9,0,0,0,0,0,0,0,0,0,0//NV_BASIC	#基本スキル#
0,11,43,10,0,0,0,0,0,0,0,0,0,0//AC_OWL	#ふくろうの目#
0,11,44,10,43,3,0,0,0,0,0,0,0,0//AC_VULTURE	#ワシの目#
0,11,45,10,44,1,0,0,0,0,0,0,0,0//AC_CONCENTRATION	#集中力向上#
0,11,46,10,0,0,0,0,0,0,0,0,0,0//AC_DOUBLE	#ダブルストレイフィング#
0,11,47,10,46,5,0,0,0,0,0,0,0,0//AC_SHOWER	#アローシャワー#
0,11,115,5,0,0,0,0,0,0,0,0,0,0//HT_SKIDTRAP	#スキッドトラップ#
0,11,116,5,0,0,0,0,0,0,0,0,0,0//HT_LANDMINE	#ランドマイン#
0,11,117,5,115,1,0,0,0,0,0,0,0,0//HT_ANKLESNARE	#アンクルスネア#
0,11,118,5,117,1,0,0,0,0,0,0,0,0//HT_SHOCKWAVE	#ショックウェーブトラップ#
0,11,119,5,120,1,0,0,0,0,0,0,0,0//HT_SANDMAN	#サンドマン#
0,11,120,5,115,1,0,0,0,0,0,0,0,0//HT_FLASHER	#フラッシャー#
0,11,121,5,120,1,0,0,0,0,0,0,0,0//HT_FREEZINGTRAP	#フリージングトラップ#
0,11,122,5,116,1,119,1,121,1,0,0,0,0//HT_BLASTMINE	#ブラストマイン#
0,11,123,5,118,1,122,1,0,0,0,0,0,0//HT_CLAYMORETRAP	#クレイモアトラップ#
0,11,124,1,116,1,0,0,0,0,0,0,0,0//HT_REMOVETRAP	#リムーブトラップ#
0,11,125,1,118,1,124,1,0,0,0,0,0,0//HT_TALKIEBOX	#トーキーボックス#
0,11,126,10,0,0,0,0,0,0,0,0,0,0//HT_BEASTBANE	#ビーストベイン#
0,11,127,1,126,1,0,0,0,0,0,0,0,0//HT_FALCON	#ファルコンマスタリー#
0,11,128,10,129,5,0,0,0,0,0,0,0,0//HT_STEELCROW	#スチールクロウ#
0,11,129,5,127,1,0,0,0,0,0,0,0,0//HT_BLITZBEAT	#ブリッツビート#
0,11,130,4,45,1,127,1,0,0,0,0,0,0//HT_DETECTING	#ディテクティング#
0,11,131,5,124,1,127,1,0,0,0,0,0,0//HT_SPRINGTRAP	#スプリングトラップ#
0,11,142,1,0,0,0,0,0,0,0,0,0,0//NV_FIRSTAID	#応急手当#
0,11,147,1,0,0,0,0,0,0,0,0,0,0//AC_MAKINGARROW	#矢作成#
0,11,148,1,0,0,0,0,0,0,0,0,0,0//AC_CHARGEARROW	#チャージアロー#
// Assassin
0,12,1,9,0,0,0,0,0,0,0,0,0,0//NV_BASIC	#基本スキル#
0,12,48,10,0,0,0,0,0,0,0,0,0,0//TF_DOUBLE	#ダブルアタック#
0,12,49,10,0,0,0,0,0,0,0,0,0,0//TF_MISS	#回避率増加#
0,12,50,10,0,0,0,0,0,0,0,0,0,0//TF_STEAL	#スティール#
0,12,51,10,50,5,0,0,0,0,0,0,0,0//TF_HIDING	#ハイディング#
0,12,52,10,0,0,0,0,0,0,0,0,0,0//TF_POISON	#インベナム#
0,12,53,1,52,3,0,0,0,0,0,0,0,0//TF_DETOXIFY	#解毒#
0,12,132,5,0,0,0,0,0,0,0,0,0,0//AS_RIGHT	#右手修練#
0,12,133,5,132,2,0,0,0,0,0,0,0,0//AS_LEFT	#左手修練#
0,12,134,10,0,0,0,0,0,0,0,0,0,0//AS_KATAR	#カタール修練#
0,12,135,10,51,2,0,0,0,0,0,0,0,0//AS_CLOAKING	#クローキング#
0,12,136,10,134,4,0,0,0,0,0,0,0,0//AS_SONICBLOW	#ソニックブロー#
0,12,137,5,135,2,136,5,0,0,0,0,0,0//AS_GRIMTOOTH	#グリムトゥース#
0,12,138,10,52,1,0,0,0,0,0,0,0,0//AS_ENCHANTPOISON	#エンチャントポイズン#
0,12,139,10,138,3,0,0,0,0,0,0,0,0//AS_POISONREACT	#ポイズンリアクト#
0,12,140,10,138,5,0,0,0,0,0,0,0,0//AS_VENOMDUST	#ベナムダスト#
0,12,141,10,139,5,140,5,0,0,0,0,0,0//AS_SPLASHER	#ベナムスプラッシャー#
0,12,142,1,0,0,0,0,0,0,0,0,0,0//NV_FIRSTAID	#応急手当#
0,12,149,1,0,0,0,0,0,0,0,0,0,0//TF_SPRINKLESAND	#砂まき#
0,12,150,1,0,0,0,0,0,0,0,0,0,0//TF_BACKSLIDING	#バックステップ#
0,12,151,1,0,0,0,0,0,0,0,0,0,0//TF_PICKSTONE	#石拾い#
0,12,152,1,0,0,0,0,0,0,0,0,0,0//TF_THROWSTONE	#石投げ#
// Crusader
0,14,1,9,0,0,0,0,0,0,0,0,0,0//NV_BASIC	#基本スキル#
0,14,2,10,0,0,0,0,0,0,0,0,0,0//SM_SWORD	#剣修練#
0,14,3,10,2,1,0,0,0,0,0,0,0,0//SM_TWOHAND	#両手剣修練#
0,14,4,10,0,0,0,0,0,0,0,0,0,0//SM_RECOVERY	#HP回復力向上#
0,14,5,10,0,0,0,0,0,0,0,0,0,0//SM_BASH	#バッシュ#
0,14,6,10,0,0,0,0,0,0,0,0,0,0//SM_PROVOKE	#プロボック#
0,14,7,10,5,5,0,0,0,0,0,0,0,0//SM_MAGNUM	#マグナムブレイク#
0,14,8,10,6,5,0,0,0,0,0,0,0,0//SM_ENDURE	#インデュア#
0,14,22,10,35,1,0,0,0,0,0,0,0,0//AL_DP	#ディバインプロテクション#
0,14,23,10,22,3,0,0,0,0,0,0,0,0//AL_DEMONBANE	#デーモンベイン#
0,14,28,10,23,5,248,10,0,0,0,0,0,0//AL_HEAL	#ヒール#
0,14,35,1,248,5,0,0,0,0,0,0,0,0//AL_CURE	#キュアー#
0,14,55,10,0,0,0,0,0,0,0,0,0,0//KN_SPEARMASTERY	#槍修練#
0,14,63,1,8,1,0,0,0,0,0,0,0,0//KN_RIDING	#ライディング#
0,14,64,10,63,1,0,0,0,0,0,0,0,0//KN_CAVALIERMASTERY	#騎兵修練#
0,14,142,1,0,0,0,0,0,0,0,0,0,0//NV_FIRSTAID	#応急手当#
0,14,144,1,0,0,0,0,0,0,0,0,0,0//SM_MOVINGRECOVERY	#移動時HP回復#
0,14,145,1,0,0,0,0,0,0,0,0,0,0//SM_FATALBLOW	#急所攻撃#
0,14,146,1,0,0,0,0,0,0,0,0,0,0//SM_AUTOBERSERK	#オートバーサーク#
0,14,248,10,0,0,0,0,0,0,0,0,0,0//CR_TRUST	#フェイス#
0,14,249,10,0,0,0,0,0,0,0,0,0,0//CR_AUTOGUARD	#オートガード#
0,14,250,5,249,5,0,0,0,0,0,0,0,0//CR_SHIELDCHARGE	#シールドチャージ#
0,14,251,5,250,3,0,0,0,0,0,0,0,0//CR_SHIELDBOOMERANG	#シールドブーメラン#
0,14,252,10,251,3,0,0,0,0,0,0,0,0//CR_REFLECTSHIELD	#リフレクトシールド#
0,14,253,10,248,7,0,0,0,0,0,0,0,0//CR_HOLYCROSS	#ホーリークロス#
0,14,254,10,248,10,253,6,0,0,0,0,0,0//CR_GRANDCROSS	#グランドクロス#
0,14,255,5,252,5,254,4,0,0,0,0,0,0//CR_DEVOTION	#ディボーション#
0,14,256,5,22,5,28,5,0,0,0,0,0,0//CR_PROVIDENCE	#プロヴィデンス#
0,14,257,5,251,1,0,0,0,0,0,0,0,0//CR_DEFENDER	#ディフェンダー#
0,14,258,10,55,10,0,0,0,0,0,0,0,0//CR_SPEARQUICKEN	#スピアクイッケン#
// Monk
0,15,1,9,0,0,0,0,0,0,0,0,0,0//NV_BASIC	#基本スキル#
0,15,22,10,0,0,0,0,0,0,0,0,0,0//AL_DP	#ディバインプロテクション#
0,15,23,10,22,3,0,0,0,0,0,0,0,0//AL_DEMONBANE	#デーモンベイン#
0,15,24,1,0,0,0,0,0,0,0,0,0,0//AL_RUWACH	#ルアフ#
0,15,25,1,27,4,0,0,0,0,0,0,0,0//AL_PNEUMA	#ニューマ#
0,15,26,2,24,1,0,0,0,0,0,0,0,0//AL_TELEPORT	#テレポート#
0,15,27,4,26,2,0,0,0,0,0,0,0,0//AL_WARP	#ワープポータル#
0,15,28,10,0,0,0,0,0,0,0,0,0,0//AL_HEAL	#ヒール#
0,15,29,10,28,3,0,0,0,0,0,0,0,0//AL_INCAGI	#速度増加#
0,15,30,10,29,1,0,0,0,0,0,0,0,0//AL_DECAGI	#速度減少#
0,15,31,1,0,0,0,0,0,0,0,0,0,0//AL_HOLYWATER	#アクアベネディクタ#
0,15,32,10,23,3,0,0,0,0,0,0,0,0//AL_CRUCIS	#シグナムクルシス#
0,15,33,10,22,3,0,0,0,0,0,0,0,0//AL_ANGELUS	#エンジェラス#
0,15,34,10,22,5,0,0,0,0,0,0,0,0//AL_BLESSING	#ブレッシング#
0,15,35,1,28,2,0,0,0,0,0,0,0,0//AL_CURE	#キュアー#
0,15,142,1,0,0,0,0,0,0,0,0,0,0//NV_FIRSTAID	#応急手当#
0,15,156,1,0,0,0,0,0,0,0,0,0,0//AL_HOLYLIGHT	#ホーリーライト#
0,15,259,10,22,10,23,10,0,0,0,0,0,0//MO_IRONHAND	#鉄拳#
0,15,260,5,269,2,0,0,0,0,0,0,0,0//MO_SPIRITSRECOVERY	#息吹#
0,15,261,5,259,2,0,0,0,0,0,0,0,0//MO_CALLSPIRITS	#気功#
0,15,262,1,261,5,0,0,0,0,0,0,0,0//MO_ABSORBSPIRITS	#気奪#
0,15,263,10,265,5,0,0,0,0,0,0,0,0//MO_TRIPLEATTACK	#三段掌#
0,15,264,1,260,2,268,3,271,3,0,0,0,0//MO_BODYRELOCATION	#残影#
0,15,265,10,259,5,261,5,0,0,0,0,0,0//MO_DODGE	#見切り#
0,15,266,5,261,5,0,0,0,0,0,0,0,0//MO_INVESTIGATE	#発勁#
0,15,267,5,266,3,0,0,0,0,0,0,0,0//MO_FINGEROFFENSIVE	#指弾#
0,15,268,5,273,3,0,0,0,0,0,0,0,0//MO_STEELBODY	#金剛#
0,15,269,5,265,5,0,0,0,0,0,0,0,0//MO_BLADESTOP	#白刃取り#
0,15,270,5,262,1,0,0,0,0,0,0,0,0//MO_EXPLOSIONSPIRITS	#爆裂波動#
0,15,271,5,267,3,270,3,0,0,0,0,0,0//MO_EXTREMITYFIST	#阿修羅覇凰拳#
0,15,272,5,263,5,0,0,0,0,0,0,0,0//MO_CHAINCOMBO	#連打掌#
0,15,273,5,272,3,0,0,0,0,0,0,0,0//MO_COMBOFINISH	#猛龍拳#
// Sage
0,16,1,9,0,0,0,0,0,0,0,0,0,0//NV_BASIC	#基本スキル#
0,16,9,10,0,0,0,0,0,0,0,0,0,0//MG_SRECOVERY	#SP回復力向上#
0,16,10,1,0,0,0,0,0,0,0,0,0,0//MG_SIGHT	#サイト#
0,16,11,10,0,0,0,0,0,0,0,0,0,0//MG_NAPALMBEAT	#ナパームビート#
0,16,12,10,11,7,13,5,0,0,0,0,0,0//MG_SAFETYWALL	#セイフティウォール#
0,16,13,10,11,4,0,0,0,0,0,0,0,0//MG_SOULSTRIKE	#ソウルストライク#
0,16,14,10,0,0,0,0,0,0,0,0,0,0//MG_COLDBOLT	#コールドボルト#
0,16,15,10,14,5,0,0,0,0,0,0,0,0//MG_FROSTDIVER	#フロストダイバー#
0,16,16,10,0,0,0,0,0,0,0,0,0,0//MG_STONECURSE	#ストーンカース#
0,16,17,10,19,4,0,0,0,0,0,0,0,0//MG_FIREBALL	#ファイアーボール#
0,16,18,10,10,1,17,5,0,0,0,0,0,0//MG_FIREWALL	#ファイアーウォール#
0,16,19,10,0,0,0,0,0,0,0,0,0,0//MG_FIREBOLT	#ファイアーボルト#
0,16,20,10,0,0,0,0,0,0,0,0,0,0//MG_LIGHTNINGBOLT	#ライトニングボルト#
0,16,21,10,20,4,0,0,0,0,0,0,0,0//MG_THUNDERSTORM	#サンダーストーム#
0,16,90,5,283,1,0,0,0,0,0,0,0,0//WZ_EARTHSPIKE	#アーススパイク#
0,16,91,5,90,1,0,0,0,0,0,0,0,0//WZ_HEAVENDRIVE	#ヘヴンズドライブ#
0,16,93,1,0,0,0,0,0,0,0,0,0,0//WZ_ESTIMATION	#モンスター情報#
0,16,142,1,0,0,0,0,0,0,0,0,0,0//NV_FIRSTAID	#応急手当#
0,16,157,1,0,0,0,0,0,0,0,0,0,0//MG_ENERGYCOAT	#エナジーコート#
0,16,274,10,0,0,0,0,0,0,0,0,0,0//SA_ADVANCEDBOOK	#アドバンスドブック#
0,16,275,5,274,2,0,0,0,0,0,0,0,0//SA_CASTCANCEL	#キャストキャンセル#
0,16,276,5,274,4,0,0,0,0,0,0,0,0//SA_MAGICROD	#マジックロッド#
0,16,277,5,276,1,0,0,0,0,0,0,0,0//SA_SPELLBREAKER	#スペルブレイカー#
0,16,278,10,275,1,0,0,0,0,0,0,0,0//SA_FREECAST	#フリーキャスト#
0,16,279,10,278,4,0,0,0,0,0,0,0,0//SA_AUTOSPELL	#オートスペル#
0,16,280,5,19,1,274,5,0,0,0,0,0,0//SA_FLAMELAUNCHER	#フレイムランチャー#
0,16,281,5,14,1,274,5,0,0,0,0,0,0//SA_FROSTWEAPON	#フロストウェポン#
0,16,282,5,20,1,274,5,0,0,0,0,0,0//SA_LIGHTNINGLOADER	#ライトニングローダー#
0,16,283,5,16,1,274,5,0,0,0,0,0,0//SA_SEISMICWEAPON	#サイズミックウェポン#
0,16,284,5,274,9,0,0,0,0,0,0,0,0//SA_DRAGONOLOGY	#ドラゴノロジー#
0,16,285,5,280,2,0,0,0,0,0,0,0,0//SA_VOLCANO	#ボルケーノ#
0,16,286,5,281,2,0,0,0,0,0,0,0,0//SA_DELUGE	#デリュージ#
0,16,287,5,282,2,0,0,0,0,0,0,0,0//SA_VIOLENTGALE	#バイオレントゲイル#
0,16,288,5,285,3,286,3,287,3,0,0,0,0//SA_LANDPROTECTOR	#ランドプロテクター#
0,16,289,5,277,3,0,0,0,0,0,0,0,0//SA_DISPELL	#ディスペル#
0,16,290,10,279,5,288,1,289,1,0,0,0,0//SA_ABRACADABRA	#アブラカタブラ#
// Rogue
0,17,1,9,0,0,0,0,0,0,0,0,0,0//NV_BASIC	#基本スキル#
0,17,2,10,0,0,0,0,0,0,0,0,0,0//SM_SWORD	#剣修練#
0,17,44,10,0,0,0,0,0,0,0,0,0,0//AC_VULTURE	#ワシの目#
0,17,46,10,44,10,0,0,0,0,0,0,0,0//AC_DOUBLE	#ダブルストレイフィング#
0,17,48,10,0,0,0,0,0,0,0,0,0,0//TF_DOUBLE	#ダブルアタック#
0,17,49,10,0,0,0,0,0,0,0,0,0,0//TF_MISS	#回避率増加#
0,17,50,10,0,0,0,0,0,0,0,0,0,0//TF_STEAL	#スティール#
0,17,51,10,50,5,0,0,0,0,0,0,0,0//TF_HIDING	#ハイディング#
0,17,52,10,0,0,0,0,0,0,0,0,0,0//TF_POISON	#インベナム#
0,17,53,1,52,3,0,0,0,0,0,0,0,0//TF_DETOXIFY	#解毒#
0,17,124,1,46,5,0,0,0,0,0,0,0,0//HT_REMOVETRAP	#リムーブトラップ#
0,17,142,1,0,0,0,0,0,0,0,0,0,0//NV_FIRSTAID	#応急手当#
0,17,149,1,0,0,0,0,0,0,0,0,0,0//TF_SPRINKLESAND	#砂まき#
0,17,150,1,0,0,0,0,0,0,0,0,0,0//TF_BACKSLIDING	#バックステップ#
0,17,151,1,0,0,0,0,0,0,0,0,0,0//TF_PICKSTONE	#石拾い#
0,17,152,1,0,0,0,0,0,0,0,0,0,0//TF_THROWSTONE	#石投げ#
0,17,210,10,50,1,0,0,0,0,0,0,0,0//RG_SNATCHER	#スナッチャー#
0,17,211,10,210,4,0,0,0,0,0,0,0,0//RG_STEALCOIN	#スティールコイン#
0,17,212,10,211,4,0,0,0,0,0,0,0,0//RG_BACKSTAP	#バックスタブ#
0,17,213,5,51,1,0,0,0,0,0,0,0,0//RG_TUNNELDRIVE	#トンネルドライブ#
0,17,214,5,212,2,213,2,0,0,0,0,0,0//RG_RAID	#サプライズアタック#
0,17,215,5,217,5,0,0,0,0,0,0,0,0//RG_STRIPWEAPON	#ストリップウェポン#
0,17,216,5,218,5,0,0,0,0,0,0,0,0//RG_STRIPSHIELD	#ストリップシールド#
0,17,217,5,216,5,0,0,0,0,0,0,0,0//RG_STRIPARMOR	#ストリップアーマー#
0,17,218,5,211,2,0,0,0,0,0,0,0,0//RG_STRIPHELM	#ストリップヘルム#
0,17,219,5,212,4,214,5,0,0,0,0,0,0//RG_INTIMIDATE	#インティミデイト#
0,17,220,1,221,5,0,0,0,0,0,0,0,0//RG_GRAFFITI	#グラフィティ#
0,17,221,5,222,1,0,0,0,0,0,0,0,0//RG_FLAGGRAFFITI	#フラッググラフィティ#
0,17,222,1,223,1,0,0,0,0,0,0,0,0//RG_CLEANER	#クリーナー#
0,17,223,1,216,3,0,0,0,0,0,0,0,0//RG_GANGSTER	#ギャングスターパラダイス#
0,17,224,5,223,1,0,0,0,0,0,0,0,0//RG_COMPULSION	#コンパルションディスカウント#
0,17,225,10,219,5,0,0,0,0,0,0,0,0//RG_PLAGIARISM	#クローンスキル#
// Alchemist
0,18,1,9,0,0,0,0,0,0,0,0,0,0//NV_BASIC	#基本スキル#
0,18,2,10,0,0,0,0,0,0,0,0,0,0//SM_SWORD	#剣修練#
0,18,36,10,0,0,0,0,0,0,0,0,0,0//MC_INCCARRY	#所持限界量増加#
0,18,37,10,36,3,0,0,0,0,0,0,0,0//MC_DISCOUNT	#ディスカウント#
0,18,38,10,37,3,0,0,0,0,0,0,0,0//MC_OVERCHARGE	#オーバーチャージ#
0,18,39,10,36,5,0,0,0,0,0,0,0,0//MC_PUSHCART	#プッシュカート#
0,18,40,1,0,0,0,0,0,0,0,0,0,0//MC_IDENTIFY	#アイテム鑑定#
0,18,41,10,39,3,0,0,0,0,0,0,0,0//MC_VENDING	#露店開設#
0,18,42,10,0,0,0,0,0,0,0,0,0,0//MC_MAMMONITE	#メマーナイト#
0,18,142,1,0,0,0,0,0,0,0,0,0,0//NV_FIRSTAID	#応急手当#
0,18,153,1,0,0,0,0,0,0,0,0,0,0//MC_CARTREVOLUTION	#カートレボリューション#
0,18,154,1,0,0,0,0,0,0,0,0,0,0//MC_CHANGECART	#チェンジカート#
0,18,155,1,0,0,0,0,0,0,0,0,0,0//MC_LOUD	#ラウドボイス#
0,18,226,10,0,0,0,0,0,0,0,0,0,0//AM_AXEMASTERY	#斧修練#
0,18,227,10,0,0,0,0,0,0,0,0,0,0//AM_LEARNINGPOTION	#ラーニングポーション#
0,18,228,10,227,5,0,0,0,0,0,0,0,0//AM_PHARMACY	#ファーマシー#
0,18,229,5,228,4,0,0,0,0,0,0,0,0//AM_DEMONSTRATION	#デモンストレーション#
0,18,230,5,228,5,0,0,0,0,0,0,0,0//AM_ACIDTERROR	#アシッドテラー#
0,18,231,5,228,3,0,0,0,0,0,0,0,0//AM_POTIONPITCHER	#ポーションピッチャー#
0,18,232,5,228,6,0,0,0,0,0,0,0,0//AM_CANNIBALIZE	#バイオプラント#
0,18,233,5,228,2,0,0,0,0,0,0,0,0//AM_SPHEREMINE	#スフィアーマイン#
0,18,234,5,236,3,0,0,0,0,0,0,0,0//AM_CP_WEAPON	#ケミカルウェポンチャージ#
0,18,235,5,237,3,0,0,0,0,0,0,0,0//AM_CP_SHIELD	#ケミカルシールドチャージ#
0,18,236,5,235,3,0,0,0,0,0,0,0,0//AM_CP_ARMOR	#ケミカルアーマーチャージ#
0,18,237,5,228,2,0,0,0,0,0,0,0,0//AM_CP_HELM	#ケミカルヘルムチャージ#
// Bard
0,19,1,9,0,0,0,0,0,0,0,0,0,0//NV_BASIC	#基本スキル#
0,19,43,10,0,0,0,0,0,0,0,0,0,0//AC_OWL	#ふくろうの目#
0,19,44,10,43,3,0,0,0,0,0,0,0,0//AC_VULTURE	#ワシの目#
0,19,45,10,44,1,0,0,0,0,0,0,0,0//AC_CONCENTRATION	#集中力向上#
0,19,46,10,0,0,0,0,0,0,0,0,0,0//AC_DOUBLE	#ダブルストレイフィング#
0,19,47,10,46,5,0,0,0,0,0,0,0,0//AC_SHOWER	#アローシャワー#
0,19,142,1,0,0,0,0,0,0,0,0,0,0//NV_FIRSTAID	#応急手当#
0,19,147,1,0,0,0,0,0,0,0,0,0,0//AC_MAKINGARROW	#矢作成#
0,19,148,1,0,0,0,0,0,0,0,0,0,0//AC_CHARGEARROW	#チャージアロー#
0,19,304,1,0,0,0,0,0,0,0,0,0,0//BD_ADAPTATION	#アドリブ#
0,19,305,1,304,1,0,0,0,0,0,0,0,0//BD_ENCORE	#アンコール#
0,19,306,1,319,10,0,0,0,0,0,0,0,0//BD_LULLABY	#子守歌#
0,19,307,5,313,3,0,0,0,0,0,0,0,0//BD_RICHMANKIM	#ニヨルドの宴#
0,19,308,1,311,1,0,0,0,0,0,0,0,0//BD_ETERNALCHAOS	#永遠の混沌#
0,19,309,5,322,10,0,0,0,0,0,0,0,0//BD_DRUMBATTLEFIELD	#戦太鼓の響き#
0,19,310,5,309,3,0,0,0,0,0,0,0,0//BD_RINGNIBELUNGEN	#ニーベルングの指輪#
0,19,311,1,320,10,0,0,0,0,0,0,0,0//BD_ROKISWEIL	#ロキの叫び#
0,19,312,1,306,1,0,0,0,0,0,0,0,0//BD_INTOABYSS	#深淵の中に#
0,19,313,5,321,10,0,0,0,0,0,0,0,0//BD_SIEGFRIED	#不死身のジークフリード#
0,19,315,10,0,0,0,0,0,0,0,0,0,0//BA_MUSICALLESSON	#楽器の練習#
0,19,316,5,315,3,0,0,0,0,0,0,0,0//BA_MUSICALSTRIKE	#ミュージカルストライク#
0,19,317,5,304,1,315,1,0,0,0,0,0,0//BA_DISSONANCE	#不協和音#
0,19,318,5,305,1,0,0,0,0,0,0,0,0//BA_FROSTJOKE	#寒いジョーク#
0,19,319,10,317,3,0,0,0,0,0,0,0,0//BA_WHISTLE	#口笛#
0,19,320,10,317,3,0,0,0,0,0,0,0,0//BA_ASSASSINCROSS	#夕陽のアサシンクロス#
0,19,321,10,317,3,0,0,0,0,0,0,0,0//BA_POEMBRAGI	#ブラギの詩#
0,19,322,10,317,3,0,0,0,0,0,0,0,0//BA_APPLEIDUN	#イドゥンの林檎#
// Dancer
0,20,1,9,0,0,0,0,0,0,0,0,0,0//NV_BASIC	#基本スキル#
0,20,43,10,0,0,0,0,0,0,0,0,0,0//AC_OWL	#ふくろうの目#
0,20,44,10,43,3,0,0,0,0,0,0,0,0//AC_VULTURE	#ワシの目#
0,20,45,10,44,1,0,0,0,0,0,0,0,0//AC_CONCENTRATION	#集中力向上#
0,20,46,10,0,0,0,0,0,0,0,0,0,0//AC_DOUBLE	#ダブルストレイフィング#
0,20,47,10,46,5,0,0,0,0,0,0,0,0//AC_SHOWER	#アローシャワー#
0,20,142,1,0,0,0,0,0,0,0,0,0,0//NV_FIRSTAID	#応急手当#
0,20,147,1,0,0,0,0,0,0,0,0,0,0//AC_MAKINGARROW	#矢作成#
0,20,148,1,0,0,0,0,0,0,0,0,0,0//AC_CHARGEARROW	#チャージアロー#
0,20,304,1,0,0,0,0,0,0,0,0,0,0//BD_ADAPTATION	#アドリブ#
0,20,305,1,304,1,0,0,0,0,0,0,0,0//BD_ENCORE	#アンコール#
0,20,306,1,327,10,0,0,0,0,0,0,0,0//BD_LULLABY	#子守歌#
0,20,307,5,313,3,0,0,0,0,0,0,0,0//BD_RICHMANKIM	#ニヨルドの宴#
0,20,308,1,311,1,0,0,0,0,0,0,0,0//BD_ETERNALCHAOS	#永遠の混沌#
0,20,309,5,330,10,0,0,0,0,0,0,0,0//BD_DRUMBATTLEFIELD	#戦太鼓の響き#
0,20,310,5,309,3,0,0,0,0,0,0,0,0//BD_RINGNIBELUNGEN	#ニーベルングの指輪#
0,20,311,1,328,10,0,0,0,0,0,0,0,0//BD_ROKISWEIL	#ロキの叫び#
0,20,312,1,306,1,0,0,0,0,0,0,0,0//BD_INTOABYSS	#深淵の中に#
0,20,313,5,329,10,0,0,0,0,0,0,0,0//BD_SIEGFRIED	#不死身のジークフリード#
0,20,323,10,0,0,0,0,0,0,0,0,0,0//DC_DANCINGLESSON	#ダンスの練習#
0,20,324,5,323,3,0,0,0,0,0,0,0,0//DC_THROWARROW	#矢撃ち#
0,20,325,5,304,1,323,1,0,0,0,0,0,0//DC_UGLYDANCE	#自分勝手なダンス#
0,20,326,5,305,1,0,0,0,0,0,0,0,0//DC_SCREAM	#スクリーム#
0,20,327,10,325,3,0,0,0,0,0,0,0,0//DC_HUMMING	#ハミング#
0,20,328,10,325,3,0,0,0,0,0,0,0,0//DC_DONTFORGETME	#私を忘れないで…#
0,20,329,10,325,3,0,0,0,0,0,0,0,0//DC_FORTUNEKISS	#幸運のキス#
0,20,330,10,325,3,0,0,0,0,0,0,0,0//DC_SERVICEFORYOU	#サービスフォーユー#
// Super Novice
0,23,1,9,0,0,0,0,0,0,0,0,0,0//NV_BASIC	#基本スキル#
0,23,2,10,0,0,0,0,0,0,0,0,0,0//SM_SWORD	#剣修練#
0,23,4,10,0,0,0,0,0,0,0,0,0,0//SM_RECOVERY	#HP回復力向上#
0,23,5,10,0,0,0,0,0,0,0,0,0,0//SM_BASH	#バッシュ#
0,23,6,10,0,0,0,0,0,0,0,0,0,0//SM_PROVOKE	#プロボック#
0,23,7,10,5,5,0,0,0,0,0,0,0,0//SM_MAGNUM	#マグナムブレイク#
0,23,8,10,6,5,0,0,0,0,0,0,0,0//SM_ENDURE	#インデュア#
0,23,9,10,0,0,0,0,0,0,0,0,0,0//MG_SRECOVERY	#SP回復力向上#
0,23,10,1,0,0,0,0,0,0,0,0,0,0//MG_SIGHT	#サイト#
0,23,11,10,0,0,0,0,0,0,0,0,0,0//MG_NAPALMBEAT	#ナパームビート#
0,23,12,10,11,7,13,5,0,0,0,0,0,0//MG_SAFETYWALL	#セイフティウォール#
0,23,13,10,11,4,0,0,0,0,0,0,0,0//MG_SOULSTRIKE	#ソウルストライク#
0,23,14,10,0,0,0,0,0,0,0,0,0,0//MG_COLDBOLT	#コールドボルト#
0,23,15,10,14,5,0,0,0,0,0,0,0,0//MG_FROSTDIVER	#フロストダイバー#
0,23,16,10,0,0,0,0,0,0,0,0,0,0//MG_STONECURSE	#ストーンカース#
0,23,17,10,19,4,0,0,0,0,0,0,0,0//MG_FIREBALL	#ファイアーボール#
0,23,18,10,10,1,17,5,0,0,0,0,0,0//MG_FIREWALL	#ファイアーウォール#
0,23,19,10,0,0,0,0,0,0,0,0,0,0//MG_FIREBOLT	#ファイアーボルト#
0,23,20,10,0,0,0,0,0,0,0,0,0,0//MG_LIGHTNINGBOLT	#ライトニングボルト#
0,23,21,10,20,4,0,0,0,0,0,0,0,0//MG_THUNDERSTORM	#サンダーストーム#
0,23,22,10,0,0,0,0,0,0,0,0,0,0//AL_DP	#ディバインプロテクション#
0,23,23,10,22,3,0,0,0,0,0,0,0,0//AL_DEMONBANE	#デーモンベイン#
0,23,24,1,0,0,0,0,0,0,0,0,0,0//AL_RUWACH	#ルアフ#
0,23,25,1,27,4,0,0,0,0,0,0,0,0//AL_PNEUMA	#ニューマ#
0,23,26,2,24,1,0,0,0,0,0,0,0,0//AL_TELEPORT	#テレポート#
0,23,27,4,26,2,0,0,0,0,0,0,0,0//AL_WARP	#ワープポータル#
0,23,28,10,0,0,0,0,0,0,0,0,0,0//AL_HEAL	#ヒール#
0,23,29,10,28,3,0,0,0,0,0,0,0,0//AL_INCAGI	#速度増加#
0,23,30,10,29,1,0,0,0,0,0,0,0,0//AL_DECAGI	#速度減少#
0,23,31,1,0,0,0,0,0,0,0,0,0,0//AL_HOLYWATER	#アクアベネディクタ#
0,23,32,10,23,3,0,0,0,0,0,0,0,0//AL_CRUCIS	#シグナムクルシス#
0,23,33,10,22,3,0,0,0,0,0,0,0,0//AL_ANGELUS	#エンジェラス#
0,23,34,10,22,5,0,0,0,0,0,0,0,0//AL_BLESSING	#ブレッシング#
0,23,35,1,0,0,0,0,0,0,0,0,0,0//AL_CURE	#キュアー#
0,23,36,10,0,0,0,0,0,0,0,0,0,0//MC_INCCARRY	#所持限界量増加#
0,23,37,10,36,3,0,0,0,0,0,0,0,0//MC_DISCOUNT	#ディスカウント#
0,23,38,10,37,3,0,0,0,0,0,0,0,0//MC_OVERCHARGE	#オーバーチャージ#
0,23,39,10,36,5,0,0,0,0,0,0,0,0//MC_PUSHCART	#プッシュカート#
0,23,40,1,0,0,0,0,0,0,0,0,0,0//MC_IDENTIFY	#アイテム鑑定#
0,23,41,10,39,3,0,0,0,0,0,0,0,0//MC_VENDING	#露店開設#
0,23,42,10,0,0,0,0,0,0,0,0,0,0//MC_MAMMONITE	#メマーナイト#
0,23,43,10,0,0,0,0,0,0,0,0,0,0//AC_OWL	#ふくろうの目#
0,23,44,10,43,3,0,0,0,0,0,0,0,0//AC_VULTURE	#ワシの目#
0,23,45,10,44,1,0,0,0,0,0,0,0,0//AC_CONCENTRATION	#集中力向上#
0,23,48,10,0,0,0,0,0,0,0,0,0,0//TF_DOUBLE	#ダブルアタック#
0,23,49,10,0,0,0,0,0,0,0,0,0,0//TF_MISS	#回避率増加#
0,23,50,10,0,0,0,0,0,0,0,0,0,0//TF_STEAL	#スティール#
0,23,51,10,50,5,0,0,0,0,0,0,0,0//TF_HIDING	#ハイディング#
0,23,52,10,0,0,0,0,0,0,0,0,0,0//TF_POISON	#インベナム#
0,23,53,1,52,3,0,0,0,0,0,0,0,0//TF_DETOXIFY	#解毒#
0,23,142,1,0,0,0,0,0,0,0,0,0,0//NV_FIRSTAID	#応急手当#
// Novice High
1,0,1,9,0,0,0,0,0,0,0,0,0,0//NV_BASIC	#基本スキル#
1,0,142,1,0,0,0,0,0,0,0,0,0,0//NV_FIRSTAID	#応急手当#
1,0,143,1,0,0,0,0,0,0,0,0,0,0//NV_TRICKDEAD	#死んだふり#
// Swordman High
1,1,1,9,0,0,0,0,0,0,0,0,0,0//NV_BASIC	#基本スキル#
1,1,2,10,0,0,0,0,0,0,0,0,0,0//SM_SWORD	#剣修練#
1,1,3,10,2,1,0,0,0,0,0,0,0,0//SM_TWOHAND	#両手剣修練#
1,1,4,10,0,0,0,0,0,0,0,0,0,0//SM_RECOVERY	#HP回復力向上#
1,1,5,10,0,0,0,0,0,0,0,0,0,0//SM_BASH	#バッシュ#
1,1,6,10,0,0,0,0,0,0,0,0,0,0//SM_PROVOKE	#プロボック#
1,1,7,10,5,5,0,0,0,0,0,0,0,0//SM_MAGNUM	#マグナムブレイク#
1,1,8,10,6,5,0,0,0,0,0,0,0,0//SM_ENDURE	#インデュア#
1,1,142,1,0,0,0,0,0,0,0,0,0,0//NV_FIRSTAID	#応急手当#
1,1,144,1,0,0,0,0,0,0,0,0,0,0//SM_MOVINGRECOVERY	#移動時HP回復#
1,1,145,1,0,0,0,0,0,0,0,0,0,0//SM_FATALBLOW	#急所攻撃#
1,1,146,1,0,0,0,0,0,0,0,0,0,0//SM_AUTOBERSERK	#オートバーサーク#
// Magician High
1,2,1,9,0,0,0,0,0,0,0,0,0,0//NV_BASIC	#基本スキル#
1,2,9,10,0,0,0,0,0,0,0,0,0,0//MG_SRECOVERY	#SP回復力向上#
1,2,10,1,0,0,0,0,0,0,0,0,0,0//MG_SIGHT	#サイト#
1,2,11,10,0,0,0,0,0,0,0,0,0,0//MG_NAPALMBEAT	#ナパームビート#
1,2,12,10,11,7,13,5,0,0,0,0,0,0//MG_SAFETYWALL	#セイフティウォール#
1,2,13,10,11,4,0,0,0,0,0,0,0,0//MG_SOULSTRIKE	#ソウルストライク#
1,2,14,10,0,0,0,0,0,0,0,0,0,0//MG_COLDBOLT	#コールドボルト#
1,2,15,10,14,5,0,0,0,0,0,0,0,0//MG_FROSTDIVER	#フロストダイバー#
1,2,16,10,0,0,0,0,0,0,0,0,0,0//MG_STONECURSE	#ストーンカース#
1,2,17,10,19,4,0,0,0,0,0,0,0,0//MG_FIREBALL	#ファイアーボール#
1,2,18,10,10,1,17,5,0,0,0,0,0,0//MG_FIREWALL	#ファイアーウォール#
1,2,19,10,0,0,0,0,0,0,0,0,0,0//MG_FIREBOLT	#ファイアーボルト#
1,2,20,10,0,0,0,0,0,0,0,0,0,0//MG_LIGHTNINGBOLT	#ライトニングボルト#
1,2,21,10,20,4,0,0,0,0,0,0,0,0//MG_THUNDERSTORM	#サンダーストーム#
1,2,142,1,0,0,0,0,0,0,0,0,0,0//NV_FIRSTAID	#応急手当#
1,2,157,1,0,0,0,0,0,0,0,0,0,0//MG_ENERGYCOAT	#エナジーコート#
// Archer High
1,3,1,9,0,0,0,0,0,0,0,0,0,0//NV_BASIC	#基本スキル#
1,3,43,10,0,0,0,0,0,0,0,0,0,0//AC_OWL	#ふくろうの目#
1,3,44,10,43,3,0,0,0,0,0,0,0,0//AC_VULTURE	#ワシの目#
1,3,45,10,44,1,0,0,0,0,0,0,0,0//AC_CONCENTRATION	#集中力向上#
1,3,46,10,0,0,0,0,0,0,0,0,0,0//AC_DOUBLE	#ダブルストレイフィング#
1,3,47,10,46,5,0,0,0,0,0,0,0,0//AC_SHOWER	#アローシャワー#
1,3,142,1,0,0,0,0,0,0,0,0,0,0//NV_FIRSTAID	#応急手当#
1,3,147,1,0,0,0,0,0,0,0,0,0,0//AC_MAKINGARROW	#矢作成#
1,3,148,1,0,0,0,0,0,0,0,0,0,0//AC_CHARGEARROW	#チャージアロー#
// Acolyte High
1,4,1,9,0,0,0,0,0,0,0,0,0,0//NV_BASIC	#基本スキル#
1,4,22,10,0,0,0,0,0,0,0,0,0,0//AL_DP	#ディバインプロテクション#
1,4,23,10,22,3,0,0,0,0,0,0,0,0//AL_DEMONBANE	#デーモンベイン#
1,4,24,1,0,0,0,0,0,0,0,0,0,0//AL_RUWACH	#ルアフ#
1,4,25,1,27,4,0,0,0,0,0,0,0,0//AL_PNEUMA	#ニューマ#
1,4,26,2,24,1,0,0,0,0,0,0,0,0//AL_TELEPORT	#テレポート#
1,4,27,4,26,2,0,0,0,0,0,0,0,0//AL_WARP	#ワープポータル#
1,4,28,10,0,0,0,0,0,0,0,0,0,0//AL_HEAL	#ヒール#
1,4,29,10,28,3,0,0,0,0,0,0,0,0//AL_INCAGI	#速度増加#
1,4,30,10,29,1,0,0,0,0,0,0,0,0//AL_DECAGI	#速度減少#
1,4,31,1,0,0,0,0,0,0,0,0,0,0//AL_HOLYWATER	#アクアベネディクタ#
1,4,32,10,23,3,0,0,0,0,0,0,0,0//AL_CRUCIS	#シグナムクルシス#
1,4,33,10,22,3,0,0,0,0,0,0,0,0//AL_ANGELUS	#エンジェラス#
1,4,34,10,22,5,0,0,0,0,0,0,0,0//AL_BLESSING	#ブレッシング#
1,4,35,1,28,2,0,0,0,0,0,0,0,0//AL_CURE	#キュアー#
1,4,142,1,0,0,0,0,0,0,0,0,0,0//NV_FIRSTAID	#応急手当#
1,4,156,1,0,0,0,0,0,0,0,0,0,0//AL_HOLYLIGHT	#ホーリーライト#
// Merchant High
1,5,1,9,0,0,0,0,0,0,0,0,0,0//NV_BASIC	#基本スキル#
1,5,36,10,0,0,0,0,0,0,0,0,0,0//MC_INCCARRY	#所持限界量増加#
1,5,37,10,36,3,0,0,0,0,0,0,0,0//MC_DISCOUNT	#ディスカウント#
1,5,38,10,37,3,0,0,0,0,0,0,0,0//MC_OVERCHARGE	#オーバーチャージ#
1,5,39,10,36,5,0,0,0,0,0,0,0,0//MC_PUSHCART	#プッシュカート#
1,5,40,1,0,0,0,0,0,0,0,0,0,0//MC_IDENTIFY	#アイテム鑑定#
1,5,41,10,39,3,0,0,0,0,0,0,0,0//MC_VENDING	#露店開設#
1,5,42,10,0,0,0,0,0,0,0,0,0,0//MC_MAMMONITE	#メマーナイト#
1,5,142,1,0,0,0,0,0,0,0,0,0,0//NV_FIRSTAID	#応急手当#
1,5,153,1,0,0,0,0,0,0,0,0,0,0//MC_CARTREVOLUTION	#カートレボリューション#
1,5,154,1,0,0,0,0,0,0,0,0,0,0//MC_CHANGECART	#チェンジカート#
1,5,155,1,0,0,0,0,0,0,0,0,0,0//MC_LOUD	#ラウドボイス#
// Thief High
1,6,1,9,0,0,0,0,0,0,0,0,0,0//NV_BASIC	#基本スキル#
1,6,48,10,0,0,0,0,0,0,0,0,0,0//TF_DOUBLE	#ダブルアタック#
1,6,49,10,0,0,0,0,0,0,0,0,0,0//TF_MISS	#回避率増加#
1,6,50,10,0,0,0,0,0,0,0,0,0,0//TF_STEAL	#スティール#
1,6,51,10,50,5,0,0,0,0,0,0,0,0//TF_HIDING	#ハイディング#
1,6,52,10,0,0,0,0,0,0,0,0,0,0//TF_POISON	#インベナム#
1,6,53,1,52,3,0,0,0,0,0,0,0,0//TF_DETOXIFY	#解毒#
1,6,142,1,0,0,0,0,0,0,0,0,0,0//NV_FIRSTAID	#応急手当#
1,6,149,1,0,0,0,0,0,0,0,0,0,0//TF_SPRINKLESAND	#砂まき#
1,6,150,1,0,0,0,0,0,0,0,0,0,0//TF_BACKSLIDING	#バックステップ#
1,6,151,1,0,0,0,0,0,0,0,0,0,0//TF_PICKSTONE	#石拾い#
1,6,152,1,0,0,0,0,0,0,0,0,0,0//TF_THROWSTONE	#石投げ#
// Lord Knight
1,7,1,9,0,0,0,0,0,0,0,0,0,0//NV_BASIC	#基本スキル#
1,7,2,10,0,0,0,0,0,0,0,0,0,0//SM_SWORD	#剣修練#
1,7,3,10,2,1,0,0,0,0,0,0,0,0//SM_TWOHAND	#両手剣修練#
1,7,4,10,0,0,0,0,0,0,0,0,0,0//SM_RECOVERY	#HP回復力向上#
1,7,5,10,0,0,0,0,0,0,0,0,0,0//SM_BASH	#バッシュ#
1,7,6,10,0,0,0,0,0,0,0,0,0,0//SM_PROVOKE	#プロボック#
1,7,7,10,5,5,0,0,0,0,0,0,0,0//SM_MAGNUM	#マグナムブレイク#
1,7,8,10,6,5,0,0,0,0,0,0,0,0//SM_ENDURE	#インデュア#
1,7,55,10,0,0,0,0,0,0,0,0,0,0//KN_SPEARMASTERY	#槍修練#
1,7,56,10,55,1,0,0,0,0,0,0,0,0//KN_PIERCE	#ピアース#
1,7,57,10,58,3,63,1,0,0,0,0,0,0//KN_BRANDISHSPEAR	#ブランディッシュスピア#
1,7,58,10,56,5,0,0,0,0,0,0,0,0//KN_SPEARSTAB	#スピアスタブ#
1,7,59,5,56,3,0,0,0,0,0,0,0,0//KN_SPEARBOOMERANG	#スピアブーメラン#
1,7,60,10,3,1,0,0,0,0,0,0,0,0//KN_TWOHANDQUICKEN	#ツーハンドクイッケン#
1,7,61,5,3,1,0,0,0,0,0,0,0,0//KN_AUTOCOUNTER	#オートカウンター#
1,7,62,10,3,5,5,10,7,3,60,10,61,5//KN_BOWLINGBASH	#ボウリングバッシュ#
1,7,63,1,8,1,0,0,0,0,0,0,0,0//KN_RIDING	#ライディング#
1,7,64,10,63,1,0,0,0,0,0,0,0,0//KN_CAVALIERMASTERY	#騎兵修練#
1,7,142,1,0,0,0,0,0,0,0,0,0,0//NV_FIRSTAID	#応急手当#
1,7,144,1,0,0,0,0,0,0,0,0,0,0//SM_MOVINGRECOVERY	#移動時HP回復#
1,7,145,1,0,0,0,0,0,0,0,0,0,0//SM_FATALBLOW	#急所攻撃#
1,7,146,1,0,0,0,0,0,0,0,0,0,0//SM_AUTOBERSERK	#オートバーサーク#
1,7,355,5,3,5,7,5,0,0,0,0,0,0//LK_AURABLADE	#オーラブレード#
1,7,356,10,3,10,6,5,60,3,0,0,0,0//LK_PARRYING	#パリイング#
1,7,357,5,4,1,55,5,63,1,0,0,0,0//LK_CONCENTRATION	#コンセントレーション#
1,7,358,1,4,10,8,3,0,0,0,0,0,0//LK_TENSIONRELAX	#テンションリラックス#
1,7,359,1,55,7,57,5,59,2,0,0,0,0//LK_BERSERK	#バーサーク#
1,7,397,5,55,10,58,5,63,1,0,0,0,0//LK_SPIRALPIERCE	#スパイラルピアース#
1,7,398,5,55,9,63,1,0,0,0,0,0,0//LK_HEADCRUSH	#ヘッドクラッシュ#
1,7,399,10,64,3,398,3,0,0,0,0,0,0//LK_JOINTBEAT	#ジョイントビート#
// High Priest
1,8,1,9,0,0,0,0,0,0,0,0,0,0//NV_BASIC	#基本スキル#
1,8,9,10,0,0,0,0,0,0,0,0,0,0//MG_SRECOVERY	#SP回復力向上#
1,8,12,10,68,4,70,3,0,0,0,0,0,0//MG_SAFETYWALL	#セイフティウォール#
1,8,22,10,0,0,0,0,0,0,0,0,0,0//AL_DP	#ディバインプロテクション#
1,8,23,10,22,3,0,0,0,0,0,0,0,0//AL_DEMONBANE	#デーモンベイン#
1,8,24,1,0,0,0,0,0,0,0,0,0,0//AL_RUWACH	#ルアフ#
1,8,25,1,27,4,0,0,0,0,0,0,0,0//AL_PNEUMA	#ニューマ#
1,8,26,2,24,1,0,0,0,0,0,0,0,0//AL_TELEPORT	#テレポート#
1,8,27,4,26,2,0,0,0,0,0,0,0,0//AL_WARP	#ワープポータル#
1,8,28,10,0,0,0,0,0,0,0,0,0,0//AL_HEAL	#ヒール#
1,8,29,10,28,3,0,0,0,0,0,0,0,0//AL_INCAGI	#速度増加#
1,8,30,10,29,1,0,0,0,0,0,0,0,0//AL_DECAGI	#速度減少#
1,8,31,1,0,0,0,0,0,0,0,0,0,0//AL_HOLYWATER	#アクアベネディクタ#
1,8,32,10,23,3,0,0,0,0,0,0,0,0//AL_CRUCIS	#シグナムクルシス#
1,8,33,10,22,3,0,0,0,0,0,0,0,0//AL_ANGELUS	#エンジェラス#
1,8,34,10,22,5,0,0,0,0,0,0,0,0//AL_BLESSING	#ブレッシング#
1,8,35,1,28,2,0,0,0,0,0,0,0,0//AL_CURE	#キュアー#
1,8,54,4,9,4,72,1,0,0,0,0,0,0//ALL_RESURRECTION	#リザレクション#
1,8,65,10,0,0,0,0,0,0,0,0,0,0//PR_MACEMASTERY	#メイス修練#
1,8,66,5,0,0,0,0,0,0,0,0,0,0//PR_IMPOSITIO	#イムポシティオマヌス#
1,8,67,3,66,2,0,0,0,0,0,0,0,0//PR_SUFFRAGIUM	#サフラギウム#
1,8,68,5,31,1,66,3,0,0,0,0,0,0//PR_ASPERSIO	#アスペルシオ#
1,8,69,5,68,5,75,3,0,0,0,0,0,0//PR_BENEDICTIO	#聖体降福#
1,8,70,10,28,1,0,0,0,0,0,0,0,0//PR_SANCTUARY	#サンクチュアリ#
1,8,71,4,0,0,0,0,0,0,0,0,0,0//PR_SLOWPOISON	#スローポイズン#
1,8,72,1,0,0,0,0,0,0,0,0,0,0//PR_STRECOVERY	#リカバリー#
1,8,73,10,33,2,0,0,0,0,0,0,0,0//PR_KYRIE	#キリエエレイソン#
1,8,74,5,0,0,0,0,0,0,0,0,0,0//PR_MAGNIFICAT	#マグニフィカート#
1,8,75,5,73,4,74,3,0,0,0,0,0,0//PR_GLORIA	#グロリア#
1,8,76,10,24,1,0,0,0,0,0,0,0,0//PR_LEXDIVINA	#レックスディビーナ#
1,8,77,10,54,1,76,3,0,0,0,0,0,0//PR_TURNUNDEAD	#ターンアンデッド#
1,8,78,1,76,5,0,0,0,0,0,0,0,0//PR_LEXAETERNA	#レックスエーテルナ#
1,8,79,10,12,1,77,3,78,1,0,0,0,0//PR_MAGNUS	#マグヌスエクソシズム#
1,8,142,1,0,0,0,0,0,0,0,0,0,0//NV_FIRSTAID	#応急手当#
1,8,156,1,0,0,0,0,0,0,0,0,0,0//AL_HOLYLIGHT	#ホーリーライト#
1,8,361,5,9,3,33,1,66,3,0,0,0,0//HP_ASSUMPTIO	#アスムプティオ#
1,8,362,5,9,1,75,2,0,0,0,0,0,0//HP_BASILICA	#バジリカ#
1,8,363,10,9,5,68,3,76,5,0,0,0,0//HP_MEDITATIO	#メディテイティオ#
// High Wizard
1,9,1,9,0,0,0,0,0,0,0,0,0,0//NV_BASIC	#基本スキル#
1,9,9,10,0,0,0,0,0,0,0,0,0,0//MG_SRECOVERY	#SP回復力向上#
1,9,10,1,0,0,0,0,0,0,0,0,0,0//MG_SIGHT	#サイト#
1,9,11,10,0,0,0,0,0,0,0,0,0,0//MG_NAPALMBEAT	#ナパームビート#
1,9,12,10,11,7,13,5,0,0,0,0,0,0//MG_SAFETYWALL	#セイフティウォール#
1,9,13,10,11,4,0,0,0,0,0,0,0,0//MG_SOULSTRIKE	#ソウルストライク#
1,9,14,10,0,0,0,0,0,0,0,0,0,0//MG_COLDBOLT	#コールドボルト#
1,9,15,10,14,5,0,0,0,0,0,0,0,0//MG_FROSTDIVER	#フロストダイバー#
1,9,16,10,0,0,0,0,0,0,0,0,0,0//MG_STONECURSE	#ストーンカース#
1,9,17,10,19,4,0,0,0,0,0,0,0,0//MG_FIREBALL	#ファイアーボール#
1,9,18,10,10,1,17,5,0,0,0,0,0,0//MG_FIREWALL	#ファイアーウォール#
1,9,19,10,0,0,0,0,0,0,0,0,0,0//MG_FIREBOLT	#ファイアーボルト#
1,9,20,10,0,0,0,0,0,0,0,0,0,0//MG_LIGHTNINGBOLT	#ライトニングボルト#
1,9,21,10,20,4,0,0,0,0,0,0,0,0//MG_THUNDERSTORM	#サンダーストーム#
1,9,80,10,18,1,0,0,0,0,0,0,0,0//WZ_FIREPILLAR	#ファイアーピラー#
1,9,81,10,10,1,20,1,0,0,0,0,0,0//WZ_SIGHTRASHER	#サイトラッシャー#
1,9,83,10,21,1,81,2,0,0,0,0,0,0//WZ_METEOR	#メテオストーム#
1,9,84,10,11,1,20,1,0,0,0,0,0,0//WZ_JUPITEL	#ユピテルサンダー#
1,9,85,10,21,1,84,5,0,0,0,0,0,0//WZ_VERMILION	#ロードオブヴァーミリオン#
1,9,86,5,14,1,20,1,0,0,0,0,0,0//WZ_WATERBALL	#ウォーターボール#
1,9,87,10,15,1,16,1,0,0,0,0,0,0//WZ_ICEWALL	#アイスウォール#
1,9,88,10,87,1,0,0,0,0,0,0,0,0//WZ_FROSTNOVA	#フロストノヴァ#
1,9,89,10,15,1,84,3,0,0,0,0,0,0//WZ_STORMGUST	#ストームガスト#
1,9,90,5,16,1,0,0,0,0,0,0,0,0//WZ_EARTHSPIKE	#アーススパイク#
1,9,91,5,90,3,0,0,0,0,0,0,0,0//WZ_HEAVENDRIVE	#ヘヴンズドライブ#
1,9,92,5,91,1,0,0,0,0,0,0,0,0//WZ_QUAGMIRE	#クァグマイア#
1,9,93,1,0,0,0,0,0,0,0,0,0,0//WZ_ESTIMATION	#モンスター情報#
1,9,142,1,0,0,0,0,0,0,0,0,0,0//NV_FIRSTAID	#応急手当#
1,9,157,1,0,0,0,0,0,0,0,0,0,0//MG_ENERGYCOAT	#エナジーコート#
1,9,364,10,9,5,13,7,0,0,0,0,0,0//HW_SOULDRAIN	#ソウルドレイン#
1,9,365,1,9,1,0,0,0,0,0,0,0,0//HW_MAGICCRASHER	#マジッククラッシャー#
1,9,366,10,0,0,0,0,0,0,0,0,0,0//HW_MAGICPOWER	#魔法力増幅#
1,9,400,5,11,5,0,0,0,0,0,0,0,0//HW_NAPALMVULCAN	#ナパームバルカン#
// Whitesmith
1,10,1,9,0,0,0,0,0,0,0,0,0,0//NV_BASIC	#基本スキル#
1,10,36,10,0,0,0,0,0,0,0,0,0,0//MC_INCCARRY	#所持限界量増加#
1,10,37,10,36,3,0,0,0,0,0,0,0,0//MC_DISCOUNT	#ディスカウント#
1,10,38,10,37,3,0,0,0,0,0,0,0,0//MC_OVERCHARGE	#オーバーチャージ#
1,10,39,10,36,5,0,0,0,0,0,0,0,0//MC_PUSHCART	#プッシュカート#
1,10,40,1,0,0,0,0,0,0,0,0,0,0//MC_IDENTIFY	#アイテム鑑定#
1,10,41,10,39,3,0,0,0,0,0,0,0,0//MC_VENDING	#露店開設#
1,10,42,10,0,0,0,0,0,0,0,0,0,0//MC_MAMMONITE	#メマーナイト#
1,10,94,5,0,0,0,0,0,0,0,0,0,0//BS_IRON	#鉄製造#
1,10,95,5,94,1,0,0,0,0,0,0,0,0//BS_STEEL	#鋼鉄製造#
1,10,96,5,0,0,0,0,0,0,0,0,0,0//BS_ENCHANTEDSTONE	#属性石製造#
1,10,97,10,96,1,0,0,0,0,0,0,0,0//BS_ORIDEOCON	#オリデオコン研究#
1,10,98,3,0,0,0,0,0,0,0,0,0,0//BS_DAGGER	#短剣製作#
1,10,99,3,98,1,0,0,0,0,0,0,0,0//BS_SWORD	#剣製作#
1,10,100,3,99,1,0,0,0,0,0,0,0,0//BS_TWOHANDSWORD	#両手剣製作#
1,10,101,3,99,2,0,0,0,0,0,0,0,0//BS_AXE	#斧製作#
1,10,102,3,103,1,0,0,0,0,0,0,0,0//BS_MACE	#メイス製作#
1,10,103,3,98,1,0,0,0,0,0,0,0,0//BS_KNUCKLE	#ナックル製作#
1,10,104,3,98,2,0,0,0,0,0,0,0,0//BS_SPEAR	#槍製作#
1,10,105,1,0,0,0,0,0,0,0,0,0,0//BS_HILTBINDING	#ヒルトバインディング#
1,10,106,1,95,1,105,1,0,0,0,0,0,0//BS_FINDINGORE	#鉱石発見#
1,10,107,10,105,1,0,0,0,0,0,0,0,0//BS_WEAPONRESEARCH	#武器研究#
1,10,108,1,107,1,0,0,0,0,0,0,0,0//BS_REPAIRWEAPON	#武器修理#
1,10,109,5,0,0,0,0,0,0,0,0,0,0//BS_SKINTEMPER	#スキンテンパリング#
1,10,110,5,0,0,0,0,0,0,0,0,0,0//BS_HAMMERFALL	#ハンマーフォール#
1,10,111,5,110,2,0,0,0,0,0,0,0,0//BS_ADRENALINE	#アドレナリンラッシュ#
1,10,112,5,107,2,111,2,0,0,0,0,0,0//BS_WEAPONPERFECT	#ウェポンパーフェクション#
1,10,113,5,111,3,0,0,0,0,0,0,0,0//BS_OVERTHRUST	#オーバートラスト#
1,10,114,5,112,3,113,2,0,0,0,0,0,0//BS_MAXIMIZE	#マキシマイズパワー#
1,10,142,1,0,0,0,0,0,0,0,0,0,0//NV_FIRSTAID	#応急手当#
1,10,153,1,0,0,0,0,0,0,0,0,0,0//MC_CARTREVOLUTION	#カートレボリューション#
1,10,154,1,0,0,0,0,0,0,0,0,0,0//MC_CHANGECART	#チェンジカート#
1,10,155,1,0,0,0,0,0,0,0,0,0,0//MC_LOUD	#ラウドボイス#
1,10,384,10,107,5,109,3,113,3,0,0,0,0//WS_MELTDOWN	#メルトダウン#
1,10,385,3,94,5,95,5,96,3,97,2,0,0//WS_CREATECOIN	#クリエイトコイン#
1,10,386,3,97,3,106,1,107,5,0,0,0,0//WS_CREATENUGGET	#塊製造#
1,10,387,1,39,5,105,1,153,1,154,1,0,0//WS_CARTBOOST	#カートブースト#
1,10,388,1,107,10,112,3,0,0,0,0,0,0//WS_SYSTEMCREATE	#自動攻撃装置製作#
// Sniper
1,11,1,9,0,0,0,0,0,0,0,0,0,0//NV_BASIC	#基本スキル#
1,11,43,10,0,0,0,0,0,0,0,0,0,0//AC_OWL	#ふくろうの目#
1,11,44,10,43,3,0,0,0,0,0,0,0,0//AC_VULTURE	#ワシの目#
1,11,45,10,44,1,0,0,0,0,0,0,0,0//AC_CONCENTRATION	#集中力向上#
1,11,46,10,0,0,0,0,0,0,0,0,0,0//AC_DOUBLE	#ダブルストレイフィング#
1,11,47,10,46,5,0,0,0,0,0,0,0,0//AC_SHOWER	#アローシャワー#
1,11,115,5,0,0,0,0,0,0,0,0,0,0//HT_SKIDTRAP	#スキッドトラップ#
1,11,116,5,0,0,0,0,0,0,0,0,0,0//HT_LANDMINE	#ランドマイン#
1,11,117,5,115,1,0,0,0,0,0,0,0,0//HT_ANKLESNARE	#アンクルスネア#
1,11,118,5,117,1,0,0,0,0,0,0,0,0//HT_SHOCKWAVE	#ショックウェーブトラップ#
1,11,119,5,120,1,0,0,0,0,0,0,0,0//HT_SANDMAN	#サンドマン#
1,11,120,5,115,1,0,0,0,0,0,0,0,0//HT_FLASHER	#フラッシャー#
1,11,121,5,120,1,0,0,0,0,0,0,0,0//HT_FREEZINGTRAP	#フリージングトラップ#
1,11,122,5,116,1,119,1,121,1,0,0,0,0//HT_BLASTMINE	#ブラストマイン#
1,11,123,5,118,1,122,1,0,0,0,0,0,0//HT_CLAYMORETRAP	#クレイモアトラップ#
1,11,124,1,116,1,0,0,0,0,0,0,0,0//HT_REMOVETRAP	#リムーブトラップ#
1,11,125,1,118,1,124,1,0,0,0,0,0,0//HT_TALKIEBOX	#トーキーボックス#
1,11,126,10,0,0,0,0,0,0,0,0,0,0//HT_BEASTBANE	#ビーストベイン#
1,11,127,1,126,1,0,0,0,0,0,0,0,0//HT_FALCON	#ファルコンマスタリー#
1,11,128,10,129,5,0,0,0,0,0,0,0,0//HT_STEELCROW	#スチールクロウ#
1,11,129,5,127,1,0,0,0,0,0,0,0,0//HT_BLITZBEAT	#ブリッツビート#
1,11,130,4,45,1,127,1,0,0,0,0,0,0//HT_DETECTING	#ディテクティング#
1,11,131,5,124,1,127,1,0,0,0,0,0,0//HT_SPRINGTRAP	#スプリングトラップ#
1,11,142,1,0,0,0,0,0,0,0,0,0,0//NV_FIRSTAID	#応急手当#
1,11,147,1,0,0,0,0,0,0,0,0,0,0//AC_MAKINGARROW	#矢作成#
1,11,148,1,0,0,0,0,0,0,0,0,0,0//AC_CHARGEARROW	#チャージアロー#
1,11,380,10,43,10,44,10,45,10,127,1,0,0//SN_SIGHT	#トゥルーサイト#
1,11,381,5,44,5,128,3,0,0,0,0,0,0//SN_FALCONASSAULT	#ファルコンアサルト#
1,11,382,5,45,10,46,5,0,0,0,0,0,0//SN_SHARPSHOOTING	#シャープシューティング#
1,11,383,5,45,9,0,0,0,0,0,0,0,0//SN_WINDWALK	#ウインドウォーク#
// Assassin Cross
1,12,1,9,0,0,0,0,0,0,0,0,0,0//NV_BASIC	#基本スキル#
1,12,48,10,0,0,0,0,0,0,0,0,0,0//TF_DOUBLE	#ダブルアタック#
1,12,49,10,0,0,0,0,0,0,0,0,0,0//TF_MISS	#回避率増加#
1,12,50,10,0,0,0,0,0,0,0,0,0,0//TF_STEAL	#スティール#
1,12,51,10,50,5,0,0,0,0,0,0,0,0//TF_HIDING	#ハイディング#
1,12,52,10,0,0,0,0,0,0,0,0,0,0//TF_POISON	#インベナム#
1,12,53,1,52,3,0,0,0,0,0,0,0,0//TF_DETOXIFY	#解毒#
1,12,132,5,0,0,0,0,0,0,0,0,0,0//AS_RIGHT	#右手修練#
1,12,133,5,132,2,0,0,0,0,0,0,0,0//AS_LEFT	#左手修練#
1,12,134,10,0,0,0,0,0,0,0,0,0,0//AS_KATAR	#カタール修練#
1,12,135,10,51,2,0,0,0,0,0,0,0,0//AS_CLOAKING	#クローキング#
1,12,136,10,134,4,0,0,0,0,0,0,0,0//AS_SONICBLOW	#ソニックブロー#
1,12,137,5,135,2,136,5,0,0,0,0,0,0//AS_GRIMTOOTH	#グリムトゥース#
1,12,138,10,52,1,0,0,0,0,0,0,0,0//AS_ENCHANTPOISON	#エンチャントポイズン#
1,12,139,10,138,3,0,0,0,0,0,0,0,0//AS_POISONREACT	#ポイズンリアクト#
1,12,140,10,138,5,0,0,0,0,0,0,0,0//AS_VENOMDUST	#ベナムダスト#
1,12,141,10,139,5,140,5,0,0,0,0,0,0//AS_SPLASHER	#ベナムスプラッシャー#
1,12,142,1,0,0,0,0,0,0,0,0,0,0//NV_FIRSTAID	#応急手当#
1,12,149,1,0,0,0,0,0,0,0,0,0,0//TF_SPRINKLESAND	#砂まき#
1,12,150,1,0,0,0,0,0,0,0,0,0,0//TF_BACKSLIDING	#バックステップ#
1,12,151,1,0,0,0,0,0,0,0,0,0,0//TF_PICKSTONE	#石拾い#
1,12,152,1,0,0,0,0,0,0,0,0,0,0//TF_THROWSTONE	#石投げ#
1,12,376,10,48,5,134,7,0,0,0,0,0,0//ASC_KATAR	#アドバンスドカタール研究#
1,12,377,10,49,5,135,5,0,0,0,0,0,0//ASC_HALLUCINATION	#ハルシネーションウォーク#
1,12,378,10,407,1,0,0,0,0,0,0,0,0//ASC_EDP	#エンチャントデッドリーポイズン#
1,12,379,10,48,5,52,5,135,3,138,6,0,0//ASC_BREAKER	#ソウルブレーカー#
1,12,406,10,132,3,134,5,136,5,379,1,0,0//ASC_METEORASSAULT	#メテオアサルト#
1,12,407,1,52,10,53,1,138,5,0,0,0,0//ASC_CDP	#デッドリーポイズン製造#
// Paladin
1,14,1,9,0,0,0,0,0,0,0,0,0,0//NV_BASIC	#基本スキル#
1,14,2,10,0,0,0,0,0,0,0,0,0,0//SM_SWORD	#剣修練#
1,14,3,10,2,1,0,0,0,0,0,0,0,0//SM_TWOHAND	#両手剣修練#
1,14,4,10,0,0,0,0,0,0,0,0,0,0//SM_RECOVERY	#HP回復力向上#
1,14,5,10,0,0,0,0,0,0,0,0,0,0//SM_BASH	#バッシュ#
1,14,6,10,0,0,0,0,0,0,0,0,0,0//SM_PROVOKE	#プロボック#
1,14,7,10,5,5,0,0,0,0,0,0,0,0//SM_MAGNUM	#マグナムブレイク#
1,14,8,10,6,5,0,0,0,0,0,0,0,0//SM_ENDURE	#インデュア#
1,14,22,10,35,1,0,0,0,0,0,0,0,0//AL_DP	#ディバインプロテクション#
1,14,23,10,22,3,0,0,0,0,0,0,0,0//AL_DEMONBANE	#デーモンベイン#
1,14,28,10,23,5,248,10,0,0,0,0,0,0//AL_HEAL	#ヒール#
1,14,35,1,248,5,0,0,0,0,0,0,0,0//AL_CURE	#キュアー#
1,14,55,10,0,0,0,0,0,0,0,0,0,0//KN_SPEARMASTERY	#槍修練#
1,14,63,1,8,1,0,0,0,0,0,0,0,0//KN_RIDING	#ライディング#
1,14,64,10,63,1,0,0,0,0,0,0,0,0//KN_CAVALIERMASTERY	#騎兵修練#
1,14,142,1,0,0,0,0,0,0,0,0,0,0//NV_FIRSTAID	#応急手当#
1,14,144,1,0,0,0,0,0,0,0,0,0,0//SM_MOVINGRECOVERY	#移動時HP回復#
1,14,145,1,0,0,0,0,0,0,0,0,0,0//SM_FATALBLOW	#急所攻撃#
1,14,146,1,0,0,0,0,0,0,0,0,0,0//SM_AUTOBERSERK	#オートバーサーク#
1,14,248,10,0,0,0,0,0,0,0,0,0,0//CR_TRUST	#フェイス#
1,14,249,10,0,0,0,0,0,0,0,0,0,0//CR_AUTOGUARD	#オートガード#
1,14,250,5,249,5,0,0,0,0,0,0,0,0//CR_SHIELDCHARGE	#シールドチャージ#
1,14,251,5,250,3,0,0,0,0,0,0,0,0//CR_SHIELDBOOMERANG	#シールドブーメラン#
1,14,252,10,251,3,0,0,0,0,0,0,0,0//CR_REFLECTSHIELD	#リフレクトシールド#
1,14,253,10,248,7,0,0,0,0,0,0,0,0//CR_HOLYCROSS	#ホーリークロス#
1,14,254,10,248,10,253,6,0,0,0,0,0,0//CR_GRANDCROSS	#グランドクロス#
1,14,255,5,252,5,254,4,0,0,0,0,0,0//CR_DEVOTION	#ディボーション#
1,14,256,5,22,5,28,5,0,0,0,0,0,0//CR_PROVIDENCE	#プロヴィデンス#
1,14,257,5,251,1,0,0,0,0,0,0,0,0//CR_DEFENDER	#ディフェンダー#
1,14,258,10,55,10,0,0,0,0,0,0,0,0//CR_SPEARQUICKEN	#スピアクイッケン#
1,14,367,5,8,5,248,5,250,2,0,0,0,0//PA_PRESSURE	#プレッシャー#
1,14,368,5,8,1,255,3,0,0,0,0,0,0//PA_SACRIFICE	#サクリファイス#
1,14,369,10,23,5,248,8,0,0,0,0,0,0//PA_GOSPEL	#ゴスペル#
// Champion
1,15,1,9,0,0,0,0,0,0,0,0,0,0//NV_BASIC	#基本スキル#
1,15,22,10,0,0,0,0,0,0,0,0,0,0//AL_DP	#ディバインプロテクション#
1,15,23,10,22,3,0,0,0,0,0,0,0,0//AL_DEMONBANE	#デーモンベイン#
1,15,24,1,0,0,0,0,0,0,0,0,0,0//AL_RUWACH	#ルアフ#
1,15,25,1,27,4,0,0,0,0,0,0,0,0//AL_PNEUMA	#ニューマ#
1,15,26,2,24,1,0,0,0,0,0,0,0,0//AL_TELEPORT	#テレポート#
1,15,27,4,26,2,0,0,0,0,0,0,0,0//AL_WARP	#ワープポータル#
1,15,28,10,0,0,0,0,0,0,0,0,0,0//AL_HEAL	#ヒール#
1,15,29,10,28,3,0,0,0,0,0,0,0,0//AL_INCAGI	#速度増加#
1,15,30,10,29,1,0,0,0,0,0,0,0,0//AL_DECAGI	#速度減少#
1,15,31,1,0,0,0,0,0,0,0,0,0,0//AL_HOLYWATER	#アクアベネディクタ#
1,15,32,10,23,3,0,0,0,0,0,0,0,0//AL_CRUCIS	#シグナムクルシス#
1,15,33,10,22,3,0,0,0,0,0,0,0,0//AL_ANGELUS	#エンジェラス#
1,15,34,10,22,5,0,0,0,0,0,0,0,0//AL_BLESSING	#ブレッシング#
1,15,35,1,28,2,0,0,0,0,0,0,0,0//AL_CURE	#キュアー#
1,15,142,1,0,0,0,0,0,0,0,0,0,0//NV_FIRSTAID	#応急手当#
1,15,156,1,0,0,0,0,0,0,0,0,0,0//AL_HOLYLIGHT	#ホーリーライト#
1,15,259,10,22,10,23,10,0,0,0,0,0,0//MO_IRONHAND	#鉄拳#
1,15,260,5,269,2,0,0,0,0,0,0,0,0//MO_SPIRITSRECOVERY	#息吹#
1,15,261,5,259,2,0,0,0,0,0,0,0,0//MO_CALLSPIRITS	#気功#
1,15,262,1,261,5,0,0,0,0,0,0,0,0//MO_ABSORBSPIRITS	#気奪#
1,15,263,10,265,5,0,0,0,0,0,0,0,0//MO_TRIPLEATTACK	#三段掌#
1,15,264,1,260,2,268,3,271,3,0,0,0,0//MO_BODYRELOCATION	#残影#
1,15,265,10,259,5,261,5,0,0,0,0,0,0//MO_DODGE	#見切り#
1,15,266,5,261,5,0,0,0,0,0,0,0,0//MO_INVESTIGATE	#発勁#
1,15,267,5,266,3,0,0,0,0,0,0,0,0//MO_FINGEROFFENSIVE	#指弾#
1,15,268,5,273,3,0,0,0,0,0,0,0,0//MO_STEELBODY	#金剛#
1,15,269,5,265,5,0,0,0,0,0,0,0,0//MO_BLADESTOP	#白刃取り#
1,15,270,5,262,1,0,0,0,0,0,0,0,0//MO_EXPLOSIONSPIRITS	#爆裂波動#
1,15,271,5,267,3,270,3,0,0,0,0,0,0//MO_EXTREMITYFIST	#阿修羅覇凰拳#
1,15,272,5,263,5,0,0,0,0,0,0,0,0//MO_CHAINCOMBO	#連打掌#
1,15,273,5,272,3,0,0,0,0,0,0,0,0//MO_COMBOFINISH	#猛龍拳#
1,15,370,5,259,7,261,5,0,0,0,0,0,0//CH_PALMSTRIKE	#猛虎硬派山#
1,15,371,5,273,3,0,0,0,0,0,0,0,0//CH_TIGERFIST	#伏虎拳#
1,15,372,10,371,2,0,0,0,0,0,0,0,0//CH_CHAINCRUSH	#連柱崩撃#
1,15,401,1,270,5,0,0,0,0,0,0,0,0//CH_SOULCOLLECT	#狂気功#
// Professor
1,16,1,9,0,0,0,0,0,0,0,0,0,0//NV_BASIC	#基本スキル#
1,16,9,10,0,0,0,0,0,0,0,0,0,0//MG_SRECOVERY	#SP回復力向上#
1,16,10,1,0,0,0,0,0,0,0,0,0,0//MG_SIGHT	#サイト#
1,16,11,10,0,0,0,0,0,0,0,0,0,0//MG_NAPALMBEAT	#ナパームビート#
1,16,12,10,11,7,13,5,0,0,0,0,0,0//MG_SAFETYWALL	#セイフティウォール#
1,16,13,10,11,4,0,0,0,0,0,0,0,0//MG_SOULSTRIKE	#ソウルストライク#
1,16,14,10,0,0,0,0,0,0,0,0,0,0//MG_COLDBOLT	#コールドボルト#
1,16,15,10,0,0,0,0,0,0,0,0,0,0//MG_FROSTDIVER	#フロストダイバー#
1,16,16,10,0,0,0,0,0,0,0,0,0,0//MG_STONECURSE	#ストーンカース#
1,16,17,10,19,4,0,0,0,0,0,0,0,0//MG_FIREBALL	#ファイアーボール#
1,16,18,10,10,1,17,5,0,0,0,0,0,0//MG_FIREWALL	#ファイアーウォール#
1,16,19,10,0,0,0,0,0,0,0,0,0,0//MG_FIREBOLT	#ファイアーボルト#
1,16,20,10,0,0,0,0,0,0,0,0,0,0//MG_LIGHTNINGBOLT	#ライトニングボルト#
1,16,21,10,20,4,0,0,0,0,0,0,0,0//MG_THUNDERSTORM	#サンダーストーム#
1,16,90,5,283,1,0,0,0,0,0,0,0,0//WZ_EARTHSPIKE	#アーススパイク#
1,16,91,5,90,1,0,0,0,0,0,0,0,0//WZ_HEAVENDRIVE	#ヘヴンズドライブ#
1,16,93,1,0,0,0,0,0,0,0,0,0,0//WZ_ESTIMATION	#モンスター情報#
1,16,157,1,0,0,0,0,0,0,0,0,0,0//MG_ENERGYCOAT	#エナジーコート#
1,16,274,10,0,0,0,0,0,0,0,0,0,0//SA_ADVANCEDBOOK	#アドバンスドブック#
1,16,275,5,274,2,0,0,0,0,0,0,0,0//SA_CASTCANCEL	#キャストキャンセル#
1,16,276,5,274,4,0,0,0,0,0,0,0,0//SA_MAGICROD	#マジックロッド#
1,16,277,5,276,1,0,0,0,0,0,0,0,0//SA_SPELLBREAKER	#スペルブレイカー#
1,16,278,10,275,1,0,0,0,0,0,0,0,0//SA_FREECAST	#フリーキャスト#
1,16,279,10,278,4,0,0,0,0,0,0,0,0//SA_AUTOSPELL	#オートスペル#
1,16,280,5,19,1,274,5,0,0,0,0,0,0//SA_FLAMELAUNCHER	#フレイムランチャー#
1,16,281,5,14,1,274,5,0,0,0,0,0,0//SA_FROSTWEAPON	#フロストウェポン#
1,16,282,5,20,1,274,5,0,0,0,0,0,0//SA_LIGHTNINGLOADER	#ライトニングローダー#
1,16,283,5,16,1,274,5,0,0,0,0,0,0//SA_SEISMICWEAPON	#サイズミックウェポン#
1,16,284,5,274,9,0,0,0,0,0,0,0,0//SA_DRAGONOLOGY	#ドラゴノロジー#
1,16,285,5,280,2,0,0,0,0,0,0,0,0//SA_VOLCANO	#ボルケーノ#
1,16,286,5,281,2,0,0,0,0,0,0,0,0//SA_DELUGE	#デリュージ#
1,16,287,5,282,2,0,0,0,0,0,0,0,0//SA_VIOLENTGALE	#バイオレントゲイル#
1,16,288,5,285,3,286,3,287,3,0,0,0,0//SA_LANDPROTECTOR	#ランドプロテクター#
1,16,289,5,277,3,0,0,0,0,0,0,0,0//SA_DISPELL	#ディスペル#
1,16,290,10,279,5,288,1,289,1,0,0,0,0//SA_ABRACADABRA	#アブラカタブラ#
1,16,364,10,9,5,13,7,0,0,0,0,0,0//HW_SOULDRAIN	#ソウルドレイン#
1,16,373,5,9,1,276,1,0,0,0,0,0,0//PF_HPCONVERSION	#ライフ置き換え#
1,16,374,1,276,3,277,2,0,0,0,0,0,0//PF_SOULCHANGE	#ソウルチェンジ#
1,16,375,5,275,5,276,3,277,3,0,0,0,0//PF_SOULBURN	#ソウルバーン#
1,16,402,1,9,3,375,1,0,0,0,0,0,0//PF_MINDBREAKER	#マインドブレーカー#
1,16,403,1,274,5,278,5,279,1,0,0,0,0//PF_MEMORIZE	#メモライズ#
1,16,404,1,286,2,287,2,0,0,0,0,0,0//PF_FOGWALL	#フォグウォール#
1,16,405,5,284,4,0,0,0,0,0,0,0,0//PF_SPIDERWEB	#スパイダーウェッブ#
// Stalker
1,17,1,9,0,0,0,0,0,0,0,0,0,0//NV_BASIC	#基本スキル#
1,17,2,10,0,0,0,0,0,0,0,0,0,0//SM_SWORD	#剣修練#
1,17,44,10,0,0,0,0,0,0,0,0,0,0//AC_VULTURE	#ワシの目#
1,17,46,10,44,10,0,0,0,0,0,0,0,0//AC_DOUBLE	#ダブルストレイフィング#
1,17,48,10,0,0,0,0,0,0,0,0,0,0//TF_DOUBLE	#ダブルアタック#
1,17,49,10,0,0,0,0,0,0,0,0,0,0//TF_MISS	#回避率増加#
1,17,50,10,0,0,0,0,0,0,0,0,0,0//TF_STEAL	#スティール#
1,17,51,10,50,5,0,0,0,0,0,0,0,0//TF_HIDING	#ハイディング#
1,17,52,10,0,0,0,0,0,0,0,0,0,0//TF_POISON	#インベナム#
1,17,53,1,52,3,0,0,0,0,0,0,0,0//TF_DETOXIFY	#解毒#
1,17,124,1,46,5,0,0,0,0,0,0,0,0//HT_REMOVETRAP	#リムーブトラップ#
1,17,142,1,0,0,0,0,0,0,0,0,0,0//NV_FIRSTAID	#応急手当#
1,17,149,1,0,0,0,0,0,0,0,0,0,0//TF_SPRINKLESAND	#砂まき#
1,17,150,1,0,0,0,0,0,0,0,0,0,0//TF_BACKSLIDING	#バックステップ#
1,17,151,1,0,0,0,0,0,0,0,0,0,0//TF_PICKSTONE	#石拾い#
1,17,152,1,0,0,0,0,0,0,0,0,0,0//TF_THROWSTONE	#石投げ#
1,17,210,10,50,1,0,0,0,0,0,0,0,0//RG_SNATCHER	#スナッチャー#
1,17,211,10,210,4,0,0,0,0,0,0,0,0//RG_STEALCOIN	#スティールコイン#
1,17,212,10,211,4,0,0,0,0,0,0,0,0//RG_BACKSTAP	#バックスタブ#
1,17,213,5,51,1,0,0,0,0,0,0,0,0//RG_TUNNELDRIVE	#トンネルドライブ#
1,17,214,5,212,2,213,2,0,0,0,0,0,0//RG_RAID	#サプライズアタック#
1,17,215,5,217,5,0,0,0,0,0,0,0,0//RG_STRIPWEAPON	#ストリップウェポン#
1,17,216,5,218,5,0,0,0,0,0,0,0,0//RG_STRIPSHIELD	#ストリップシールド#
1,17,217,5,216,5,0,0,0,0,0,0,0,0//RG_STRIPARMOR	#ストリップアーマー#
1,17,218,5,211,2,0,0,0,0,0,0,0,0//RG_STRIPHELM	#ストリップヘルム#
1,17,219,5,212,4,214,5,0,0,0,0,0,0//RG_INTIMIDATE	#インティミデイト#
1,17,220,1,221,5,0,0,0,0,0,0,0,0//RG_GRAFFITI	#グラフィティ#
1,17,221,5,222,1,0,0,0,0,0,0,0,0//RG_FLAGGRAFFITI	#フラッググラフィティ#
1,17,222,1,223,1,0,0,0,0,0,0,0,0//RG_CLEANER	#クリーナー#
1,17,223,1,216,3,0,0,0,0,0,0,0,0//RG_GANGSTER	#ギャングスターパラダイス#
1,17,224,5,223,1,0,0,0,0,0,0,0,0//RG_COMPULSION	#コンパルションディスカウント#
1,17,225,10,219,5,0,0,0,0,0,0,0,0//RG_PLAGIARISM	#クローンスキル#
1,17,389,5,51,5,213,3,0,0,0,0,0,0//ST_CHASEWALK	#チェイスウォーク#
1,17,390,5,215,1,0,0,0,0,0,0,0,0//ST_REJECTSWORD	#リジェクトソード#
// Creator
1,18,1,9,0,0,0,0,0,0,0,0,0,0//NV_BASIC	#基本スキル#
1,18,2,10,0,0,0,0,0,0,0,0,0,0//SM_SWORD	#剣修練#
1,18,36,10,0,0,0,0,0,0,0,0,0,0//MC_INCCARRY	#所持限界量増加#
1,18,37,10,36,3,0,0,0,0,0,0,0,0//MC_DISCOUNT	#ディスカウント#
1,18,38,10,37,3,0,0,0,0,0,0,0,0//MC_OVERCHARGE	#オーバーチャージ#
1,18,39,10,36,5,0,0,0,0,0,0,0,0//MC_PUSHCART	#プッシュカート#
1,18,40,1,0,0,0,0,0,0,0,0,0,0//MC_IDENTIFY	#アイテム鑑定#
1,18,41,10,39,3,0,0,0,0,0,0,0,0//MC_VENDING	#露店開設#
1,18,42,10,0,0,0,0,0,0,0,0,0,0//MC_MAMMONITE	#メマーナイト#
1,18,142,1,0,0,0,0,0,0,0,0,0,0//NV_FIRSTAID	#応急手当#
1,18,153,1,0,0,0,0,0,0,0,0,0,0//MC_CARTREVOLUTION	#カートレボリューション#
1,18,154,1,0,0,0,0,0,0,0,0,0,0//MC_CHANGECART	#チェンジカート#
1,18,155,1,0,0,0,0,0,0,0,0,0,0//MC_LOUD	#ラウドボイス#
1,18,226,10,0,0,0,0,0,0,0,0,0,0//AM_AXEMASTERY	#斧修練#
1,18,227,10,0,0,0,0,0,0,0,0,0,0//AM_LEARNINGPOTION	#ラーニングポーション#
1,18,228,10,227,5,0,0,0,0,0,0,0,0//AM_PHARMACY	#ファーマシー#
1,18,229,5,228,4,0,0,0,0,0,0,0,0//AM_DEMONSTRATION	#デモンストレーション#
1,18,230,5,228,5,0,0,0,0,0,0,0,0//AM_ACIDTERROR	#アシッドテラー#
1,18,231,5,228,3,0,0,0,0,0,0,0,0//AM_POTIONPITCHER	#ポーションピッチャー#
1,18,232,5,228,6,0,0,0,0,0,0,0,0//AM_CANNIBALIZE	#バイオプラント#
1,18,233,5,228,2,0,0,0,0,0,0,0,0//AM_SPHEREMINE	#スフィアーマイン#
1,18,234,5,236,3,0,0,0,0,0,0,0,0//AM_CP_WEAPON	#ケミカルウェポンチャージ#
1,18,235,5,237,3,0,0,0,0,0,0,0,0//AM_CP_SHIELD	#ケミカルシールドチャージ#
1,18,236,5,235,3,0,0,0,0,0,0,0,0//AM_CP_ARMOR	#ケミカルアーマーチャージ#
1,18,237,5,228,2,0,0,0,0,0,0,0,0//AM_CP_HELM	#ケミカルヘルムチャージ#
1,18,392,5,228,5,0,0,0,0,0,0,0,0//CR_ALCHEMY	#アルケミー#
1,18,393,5,228,6,392,2,0,0,0,0,0,0//CR_SYNTHESISPOTION	#ポーションシンセシス#
// Clown
1,19,1,9,0,0,0,0,0,0,0,0,0,0//NV_BASIC	#基本スキル#
1,19,43,10,0,0,0,0,0,0,0,0,0,0//AC_OWL	#ふくろうの目#
1,19,44,10,43,3,0,0,0,0,0,0,0,0//AC_VULTURE	#ワシの目#
1,19,45,10,44,1,0,0,0,0,0,0,0,0//AC_CONCENTRATION	#集中力向上#
1,19,46,10,0,0,0,0,0,0,0,0,0,0//AC_DOUBLE	#ダブルストレイフィング#
1,19,47,10,46,5,0,0,0,0,0,0,0,0//AC_SHOWER	#アローシャワー#
1,19,142,1,0,0,0,0,0,0,0,0,0,0//NV_FIRSTAID	#応急手当#
1,19,147,1,0,0,0,0,0,0,0,0,0,0//AC_MAKINGARROW	#矢作成#
1,19,148,1,0,0,0,0,0,0,0,0,0,0//AC_CHARGEARROW	#チャージアロー#
1,19,304,1,0,0,0,0,0,0,0,0,0,0//BD_ADAPTATION	#アドリブ#
1,19,305,1,304,1,0,0,0,0,0,0,0,0//BD_ENCORE	#アンコール#
1,19,306,1,319,10,0,0,0,0,0,0,0,0//BD_LULLABY	#子守歌#
1,19,307,5,313,3,0,0,0,0,0,0,0,0//BD_RICHMANKIM	#ニヨルドの宴#
1,19,308,1,311,1,0,0,0,0,0,0,0,0//BD_ETERNALCHAOS	#永遠の混沌#
1,19,309,5,322,10,0,0,0,0,0,0,0,0//BD_DRUMBATTLEFIELD	#戦太鼓の響き#
1,19,310,5,309,3,0,0,0,0,0,0,0,0//BD_RINGNIBELUNGEN	#ニーベルングの指輪#
1,19,311,1,320,10,0,0,0,0,0,0,0,0//BD_ROKISWEIL	#ロキの叫び#
1,19,312,1,306,1,0,0,0,0,0,0,0,0//BD_INTOABYSS	#深淵の中に#
1,19,313,5,321,10,0,0,0,0,0,0,0,0//BD_SIEGFRIED	#不死身のジークフリード#
1,19,315,10,0,0,0,0,0,0,0,0,0,0//BA_MUSICALLESSON	#楽器の練習#
1,19,316,5,315,3,0,0,0,0,0,0,0,0//BA_MUSICALSTRIKE	#ミュージカルストライク#
1,19,317,5,304,1,315,1,0,0,0,0,0,0//BA_DISSONANCE	#不協和音#
1,19,318,5,305,1,0,0,0,0,0,0,0,0//BA_FROSTJOKE	#寒いジョーク#
1,19,319,10,317,3,0,0,0,0,0,0,0,0//BA_WHISTLE	#口笛#
1,19,320,10,317,3,0,0,0,0,0,0,0,0//BA_ASSASSINCROSS	#夕陽のアサシンクロス#
1,19,321,10,317,3,0,0,0,0,0,0,0,0//BA_POEMBRAGI	#ブラギの詩#
1,19,322,10,317,3,0,0,0,0,0,0,0,0//BA_APPLEIDUN	#イドゥンの林檎#
1,19,394,10,47,5,316,1,0,0,0,0,0,0//CG_ARROWVULCAN	#アローバルカン#
1,19,395,5,45,5,315,7,0,0,0,0,0,0//CG_MOONLIT	#月明りの泉に落ちる花びら#
1,19,396,1,45,10,315,5,0,0,0,0,0,0//CG_MARIONETTE	#マリオネットコントロール#
// Gypsy
1,20,1,9,0,0,0,0,0,0,0,0,0,0//NV_BASIC	#基本スキル#
1,20,43,10,0,0,0,0,0,0,0,0,0,0//AC_OWL	#ふくろうの目#
1,20,44,10,43,3,0,0,0,0,0,0,0,0//AC_VULTURE	#ワシの目#
1,20,45,10,44,1,0,0,0,0,0,0,0,0//AC_CONCENTRATION	#集中力向上#
1,20,46,10,0,0,0,0,0,0,0,0,0,0//AC_DOUBLE	#ダブルストレイフィング#
1,20,47,10,46,5,0,0,0,0,0,0,0,0//AC_SHOWER	#アローシャワー#
1,20,142,1,0,0,0,0,0,0,0,0,0,0//NV_FIRSTAID	#応急手当#
1,20,147,1,0,0,0,0,0,0,0,0,0,0//AC_MAKINGARROW	#矢作成#
1,20,148,1,0,0,0,0,0,0,0,0,0,0//AC_CHARGEARROW	#チャージアロー#
1,20,304,1,0,0,0,0,0,0,0,0,0,0//BD_ADAPTATION	#アドリブ#
1,20,305,1,304,1,0,0,0,0,0,0,0,0//BD_ENCORE	#アンコール#
1,20,306,1,327,10,0,0,0,0,0,0,0,0//BD_LULLABY	#子守歌#
1,20,307,5,313,3,0,0,0,0,0,0,0,0//BD_RICHMANKIM	#ニヨルドの宴#
1,20,308,1,311,1,0,0,0,0,0,0,0,0//BD_ETERNALCHAOS	#永遠の混沌#
1,20,309,5,330,10,0,0,0,0,0,0,0,0//BD_DRUMBATTLEFIELD	#戦太鼓の響き#
1,20,310,5,309,3,0,0,0,0,0,0,0,0//BD_RINGNIBELUNGEN	#ニーベルングの指輪#
1,20,311,1,328,10,0,0,0,0,0,0,0,0//BD_ROKISWEIL	#ロキの叫び#
1,20,312,1,306,1,0,0,0,0,0,0,0,0//BD_INTOABYSS	#深淵の中に#
1,20,313,5,329,10,0,0,0,0,0,0,0,0//BD_SIEGFRIED	#不死身のジークフリード#
1,20,323,10,0,0,0,0,0,0,0,0,0,0//DC_DANCINGLESSON	#ダンスの練習#
1,20,324,5,323,3,0,0,0,0,0,0,0,0//DC_THROWARROW	#矢撃ち#
1,20,325,5,304,1,323,1,0,0,0,0,0,0//DC_UGLYDANCE	#自分勝手なダンス#
1,20,326,5,305,1,0,0,0,0,0,0,0,0//DC_SCREAM	#スクリーム#
1,20,327,10,325,3,0,0,0,0,0,0,0,0//DC_HUMMING	#ハミング#
1,20,328,10,325,3,0,0,0,0,0,0,0,0//DC_DONTFORGETME	#私を忘れないで…#
1,20,329,10,325,3,0,0,0,0,0,0,0,0//DC_FORTUNEKISS	#幸運のキス#
1,20,330,10,325,3,0,0,0,0,0,0,0,0//DC_SERVICEFORYOU	#サービスフォーユー#
1,20,394,10,47,5,324,1,0,0,0,0,0,0//CG_ARROWVULCAN	#アローバルカン#
1,20,395,5,45,5,323,7,0,0,0,0,0,0//CG_MOONLIT	#月明りの泉に落ちる花びら#
1,20,396,1,45,10,323,5,0,0,0,0,0,0//CG_MARIONETTE	#マリオネットコントロール#
