//=============================================================
// 魔物资料数据库（自定义）
//=============================================================
//
// Structure of Database :
// ID,Sprite_Name,kROName,iROName,LV,HP,SP,EXP,JEXP,Range1,ATK1,ATK2,DEF,MDEF,STR,AGI,VIT,INT,DEX,LUK,Range2,Range3,Scale,Race,Element,Mode,Speed,aDelay,aMotion,dMotion,MEXP,MVP1id,MVP1per,MVP2id,MVP2per,MVP3id,MVP3per,Drop1id,Drop1per,Drop2id,Drop2per,Drop3id,Drop3per,Drop4id,Drop4per,Drop5id,Drop5per,Drop6id,Drop6per,Drop7id,Drop7per,Drop8id,Drop8per,Drop9id,Drop9per,DropCardid,DropCardper

// rAthena Dev Team
//1900,VALARIS,Valaris,Valaris,99,668000,0,107250,37895,2,3220,4040,35,45,1,152,96,85,120,95,10,10,2,6,67,0x1973,100,1068,768,576,13000,608,1000,750,400,923,3800,1466,200,2256,200,2607,800,714,500,617,3000,984,4300,985,5600,0,0,0,0,4147,1
//1901,VALARIS_WORSHIPPER,Valaris's Worshipper,Valaris's Worshipper,50,8578,0,2706,1480,1,487,590,15,25,1,75,55,1,93,45,10,12,0,6,27,0x1685,100,868,480,120,0,0,0,0,0,0,0,923,500,984,63,1464,2,607,50,610,100,503,300,2405,50,0,0,0,0,4129,1
//1902,MC_CAMERI,MC Cameri,MC Cameri,99,668000,0,107250,37895,2,3220,4040,35,45,1,152,96,85,120,95,10,10,2,6,67,0x1973,100,1068,768,576,13000,608,1000,750,400,923,3800,1466,200,2256,200,2607,800,714,500,617,3000,984,4300,985,5600,0,0,0,0,4147,1
//1903,POKI,Poki#3,Poki#3,99,1349000,0,4093000,1526000,9,4892,9113,22,35,1,180,39,67,193,130,10,12,1,7,64,0x1973,120,500,672,480,92100,603,5500,617,3000,1723,1000,1228,100,1236,500,617,2500,1234,75,1237,125,1722,250,1724,100,1720,50,0,0,0,0
//1904,SENTRY,Sentry,Sentry,99,668000,0,107250,37895,2,3220,4040,35,45,1,152,96,85,120,95,10,10,2,6,67,0x1973,100,1068,768,576,13000,608,1000,750,400,923,3800,1466,200,2256,200,2607,800,714,500,617,3000,984,4300,985,5600,0,0,0,0,4147,1

// Custom Hollow Poring (overrrides/collides with META_ANDRE)
//1237,HOLLOW_PORING,Hollow Poring,Hollow Poring,1,50,0,2,1,1,7,10,0,5,1,1,1,0,6,30,10,12,1,3,21,0x83,400,1872,672,480,0,0,0,0,0,0,0,909,7000,1202,100,938,400,512,1000,713,1500,512,150,619,20,0,0,0,0,4001,10
// Custom Fire Poring. Warning, Colides with META_DENIRO
//1239,FIRE_PORING,Fire Poring,Fire Poring,1,50,0,2,1,1,7,10,0,5,1,1,1,1,6,30,10,12,1,3,21,0x131,400,1872,672,480,0,0,0,0,0,0,0,909,7000,1202,100,938,400,512,1000,713,1500,741,5,619,20,0,0,0,0,4001,20

// Lunar New Year 2008 Event Monster overrides
// Uncomment if event is enabled, as these drops modifications are nessecary.
//1145,MARTIN,Martin,Martin,18,1109,0,134,86,1,52,63,0,5,12,18,30,15,15,5,10,12,0,2,42,0x81,300,1480,480,480,0,0,0,0,0,0,0,1017,9000,1018,500,1251,10,2225,5,5009,1,10010,10,2224,15,7869,1500,0,0,4046,1
//1175,TAROU,Tarou,Tarou,11,284,0,57,28,1,34,45,0,0,1,20,11,10,24,5,10,12,0,2,27,0x91,150,1744,1044,684,0,0,0,0,0,0,0,1016,9000,919,3000,949,800,528,1000,701,2,7869,2500,0,0,0,0,0,0,4028,1
//1209,CRAMP,Cramp,Cramp,56,4720,0,2300,1513,1,395,465,0,5,1,85,35,5,65,60,10,12,0,2,45,0x3095,100,1000,500,1000,0,0,0,0,0,0,0,7007,4656,528,1000,726,80,746,110,568,250,510,70,984,95,7869,1500,0,0,4296,1

// iRO St. Patricks Day 2008 Event Monster overrides
// Uncomment if event is enabled, as these drops modifications are nessecary.
//1841,G_SNAKE_,Snake Lord's Minon,Snake Lord's Minon,15,471,0,72,48,1,46,55,0,0,1,15,15,10,35,5,10,12,1,2,22,0x81,200,1576,576,576,0,0,0,0,0,0,0,7915,1000,7916,100,7720,30,12715,7,0,0,0,0,0,0,0,0,0,0,0,0
//1842,G_ANACONDAQ_,Snake Lord's Minon,Snake Lord's Minon,23,1109,0,300,149,1,124,157,0,0,1,23,28,10,36,5,10,12,1,2,25,0x91,200,1576,576,576,0,0,0,0,0,0,0,7915,1000,7916,100,7720,30,12715,7,0,0,0,0,0,0,0,0,0,0,0,0
//1843,SIDE_WINDER_,Snake Lord's Minon,Snake Lord's Minon,43,4929,0,1996,993,1,240,320,5,10,38,43,40,15,115,20,10,12,1,2,25,0x3095,200,1576,576,576,0,0,0,0,0,0,0,7915,1000,7916,100,7720,30,12715,7,0,0,0,0,0,0,0,0,0,0,0,0
//1844,G_ISIS_,Snake Lord's Minon,Snake Lord's Minon,47,7003,0,3709,1550,1,423,507,10,35,38,65,43,50,66,15,10,12,2,6,27,0x3195,200,1384,768,336,0,0,0,0,0,0,0,7915,1000,7916,100,7720,30,12715,8,0,0,0,0,0,0,0,0,0,0,0,0

// iRO Christmas 2008 Event
// Uncomment if event is enabled, as these drops modifications are nessecary.
//1244,JAKK_XMAS,Christmas Jakk,Christmas Jakk,38,3581,0,1113,688,1,315,382,5,30,1,38,38,43,75,45,10,12,1,0,43,0x81,200,1180,480,648,0,0,0,0,0,0,0,529,1000,530,1000,14546,1000,14550,1000,7174,1000,7175,1000,6092,1000,12355,1250,0,0,0,0
//1245,GOBLINE_XMAS,Christmas Goblin,Christmas Goblin,25,1176,0,282,171,1,118,140,10,5,1,53,25,20,38,45,10,12,1,7,24,0x81,100,1120,620,240,0,0,0,0,0,0,0,529,1000,530,1000,14546,1000,14550,1000,7174,1000,7175,1000,6092,1000,12355,1250,0,0,0,0
//1246,COOKIE_XMAS,Christmas Cookie,Christmas Cookie,28,2090,0,461,284,1,140,170,0,50,1,24,30,53,45,100,10,12,0,7,46,0x91,400,1248,1248,240,0,0,0,0,0,0,0,529,1000,530,1000,14546,1000,14550,1000,7174,1000,7175,1000,6092,1000,12355,1250,0,0,0,0
//1247,ANTONIO,Antonio,Antonio,10,10,0,3,2,1,13,20,100,0,1,1,1,50,100,100,10,12,1,3,66,0xC1,100,720,720,432,0,0,0,0,0,0,0,604,500,12354,500,14550,500,5136,500,12132,500,12225,500,5811,500,0,0,0,0,4243,1

// iRO Halloween 2009 Event
// Uncomment if event is enabled. Uncomment the skills for Halloween Whisper in mob_skill_db2.
//3014,HALLOWEEN_WHISPER,Halloween Whisper,Halloween Whisper,1,800,0,0,0,1,10,13,0,45,1,51,14,0,60,0,10,12,0,6,68,0x81,150,1960,960,504,0,0,0,0,0,0,0,12396,150,6299,5335,0,0,0,0,0,0,0,0,0,0,0,0,0,0,0,0
//3015,HALLOWEEN_DARK_LORD,Halloween Dark Lord,Halloween Dark Lord,1,45,0,0,0,1,10,13,0,45,1,51,14,0,60,0,10,12,2,6,89,0x81,100,868,768,480,0,0,0,0,0,0,0,12396,800,12397,5335,0,0,0,0,0,0,0,0,0,0,0,0,0,0,0,0

// iRO Halloween 2008 Event
// Uncomment if event is enabled.
//3000,ZOMBIE,Zombie,Zombie,15,534,0,50,33,1,67,79,0,10,1,8,7,0,15,0,10,12,1,1,29,0x3885,400,2612,912,288,0,0,0,0,0,0,0,957,9000,724,5,938,1000,958,50,727,70,0,0,0,0,0,0,0,0,4038,1
//3001,GHOUL,Ghoul,Ghoul,40,5418,0,1088,622,1,420,500,5,20,1,20,29,0,45,20,10,12,1,1,49,0x3885,250,2456,912,504,0,0,0,0,0,0,0,958,6000,756,110,509,700,511,800,2609,60,934,150,1260,1,0,0,0,0,4110,1
//3002,ZOMBIE_MASTER,Zombie Master,Zombie Master,62,14211,0,7610,2826,1,824,1084,37,26,25,20,30,5,77,35,10,12,1,1,29,0x3695,175,2612,912,288,0,0,0,0,0,0,0,7071,4413,938,1500,958,1500,723,200,727,100,1260,1,2324,2,0,0,0,0,4274,1

//=============================================================
// 补充魔物数据
//=============================================================
2200,J_TAINI,Taini,Taini,1,1,0,0,0,1,0,0,0,0,0,0,0,0,0,0,0,0,0,0,20,0x83,0,432,792,432,0,0,0,0,0,0,0,0,0,0,0,0,0,0,0,0,0,0,0,0,0,0,0,0,0,0,0
2210,XMAS_LUNATIC,圣诞节白兔,Christmas Lunatic,1,60,1,27,20,1,8,9,2,5,6,1,1,0,6,5,10,12,1,3,21,0x83,400,1872,672,480,0,0,0,0,0,0,0,0,0,0,0,0,0,0,0,0,0,0,0,0,0,0,0,0,0,0,0
2248,GOLDPORING,Gold Poring,Gold Poring,1,15,1,0,0,0,0,0,160,5,1,1,1,1,999,1,10,12,1,3,21,0xC3,400,1872,672,480,0,0,0,0,0,0,0,6012,2000,6485,2000,6486,2000,6487,2000,7470,2000,7602,2000,6487,2000,969,10,0,0,0,0
2313,TIKBALANG,邪魔马,Tikbalang,115,22131,1,1756,1351,1,781,896,84,34,71,52,84,44,64,46,10,12,2,2,64,0x3795,130,1064,936,360,0,0,0,0,0,0,0,6496,500,984,10,12700,100,0,0,0,0,0,0,0,0,0,0,0,0,0,0
2398,LITTLE_PORING,Little Poring,Little Poring,1,40,1,18,10,1,8,9,2,5,6,1,1,0,6,5,10,12,0,3,21,0x83,400,1872,672,480,0,0,0,0,0,0,0,909,9000,1202,100,938,1000,512,5000,507,1000,512,500,507,1000,0,0,0,0,4545,1

//=============================================================
// 噩梦古城
//=============================================================
2477,NG_WANDER_MAN,梦魇邪骸浪人,梦魇邪骸浪人,151,130682,1,9907,8614,1,2620,3751,129,16,208,151,76,39,231,50,10,12,1,6,24,0x2003695,100,672,500,192,0,0,0,0,0,0,0,616,2,984,110,1164,10,2270,5,7005,4850,13015,5,21003,1,0,0,0,0,0,0
2478,NG_RIDEWORD,梦魇飞行魔书,梦魇飞行魔书,146,103220,1,5250,7920,1,2133,3062,140,59,131,195,58,66,263,5,10,12,0,0,60,0x3695,150,864,500,192,0,0,0,0,0,0,0,1097,4850,1568,5,1569,5,1570,5,1571,5,7015,150,18752,1,0,0,0,0,0,0
2479,NG_MIMIC,梦魇邪恶箱,梦魇邪恶箱,143,24958,1,1384,1177,1,1717,2432,139,46,145,162,10,49,213,57,10,12,1,0,60,0x3095,100,972,500,288,0,0,0,0,0,0,0,603,500,617,100,757,270,2626,100,7938,1000,7940,1000,0,0,0,0,0,0,0,0
2480,NG_EVIL_DRUID,梦魇神官,梦魇神官,134,72837,1,3370,2943,1,1398,1961,160,41,137,60,48,57,158,28,10,12,2,1,89,0x3695,300,2276,576,336,0,0,0,0,0,0,0,509,2000,1557,5,1624,1,2217,10,2508,10,7478,5,0,0,0,0,0,0,0,0
2481,NG_WRAITH_DEAD,梦魇恶灵,梦魇恶灵,110,18923,1,2098,1727,1,909,1274,93,53,69,52,47,55,109,28,10,12,2,1,89,0x3695,175,1816,576,240,0,0,0,0,0,0,0,716,750,732,10,1059,4400,2206,10,2505,10,2506,5,0,0,0,0,0,0,0,0

2483,NG_BAPHOMET,梦魇巴风特,梦魇巴风特,154,4008000,1,1308530,1002320,1,2794,4054,379,45,120,125,230,85,186,85,10,12,2,6,67,0x6283695,100,768,768,576,198262,607,2000,750,500,923,5000,1466,800,2256,300,1476,100,714,500,5160,50,985,5432,984,4171,0,0,0,0,4147,1

2485,NG_CHIMERA,梦魇凯美拉,梦魇凯美拉,140,528120,1,54260,46980,1,1887,2710,159,20,101,76,110,176,183,170,10,12,2,2,63,0x6203695,200,772,672,360,0,0,0,0,0,0,0,7054,5335,1048,2500,568,1000,1306,1,7295,1500,1364,1,984,160,0,0,0,0,4300,1

//=============================================================
// 梦魇钟楼
//=============================================================
2916,BIG_BEN,大古钟,大古钟,160,222240,1,10155,8685,2,1669,2378,125,43,102,58,69,75,131,49,10,12,1,0,42,0x695,170,792,792,480,0,0,0,0,0,0,0,1095,3000,1019,500,509,950,568,160,757,100,22515,15,0,0,0,0,0,0,4626,1
2917,BIG_BELL,大钟怪,大钟怪,163,166860,1,10245,10485,2,1531,2169,138,53,102,104,72,57,98,57,10,12,1,0,60,0x2000695,250,1020,500,768,0,0,0,0,0,0,0,1095,3000,7005,750,984,100,22515,10,912,750,2607,1,0,0,0,0,0,0,4627,1
2918,TIME_KEEPER,时间守护者,时间守护者,165,256000,1,14360,14660,3,1633,2316,128,60,112,60,72,57,120,77,10,12,2,0,80,0x695,170,672,672,384,0,0,0,0,0,0,0,1095,3000,7054,3000,999,250,520,425,2121,1,22515,1000,0,0,0,0,0,0,4630,1
2919,NEO_PUNK,变种朽魔,变种朽魔,155,77380,1,8010,8205,1,1180,1649,99,55,98,39,30,35,95,45,10,12,0,3,24,0x695,300,500,500,1000,0,0,0,0,0,0,0,7001,3000,715,500,5110,50,1061,500,1057,1500,2502,8,0,0,0,0,0,0,4628,1
2920,ARC_ELDER,长者魔导士,长者魔导士,168,146820,1,12390,21735,3,1406,1981,105,41,100,63,35,99,106,61,10,12,2,7,80,0x695,160,1152,1152,336,0,0,0,0,0,0,0,7099,3000,7117,1000,7939,500,1564,5,1473,1,616,2,22515,1500,0,0,0,0,4629,1
2921,OWL_VISCOUNT,鹗枭子爵,鹗枭子爵,168,295240,1,12390,14640,2,1742,2491,113,45,87,51,45,88,106,50,10,12,2,6,60,0x6200695,190,824,824,440,0,0,0,0,0,0,0,7071,2500,7063,1000,693,50,747,1,2971,2,16024,1,15089,1,18874,10,0,0,4631,1
2922,G_OWL_VISCOUNT,鹗枭子爵,鹗枭子爵,168,295240,1,0,0,2,1742,2491,113,45,87,51,45,88,106,50,10,12,2,6,60,0x6200695,190,824,824,440,0,0,0,0,0,0,0,0,0,0,0,0,0,0,0,0,0,0,0,0,0,0,0,0,0,0,0
2923,OWL_MARQUEES,鹗枭假面,鹗枭假面,170,630000,1,29655,17115,1,1781,2536,128,25,112,65,55,102,108,72,10,12,2,6,60,0x6200695,175,824,824,440,0,0,0,0,0,0,0,7071,2000,7063,1500,1716,1,1472,1,1668,1,693,50,15089,3,18874,10,0,0,4632,1

3074,TIMEHOLDER,时间管理人,时间管理人,170,25000000,1,4582500,3525000,3,4594,6694,288,265,224,152,251,257,402,77,10,12,2,6,80,0x6283695,150,576,576,480,120060,607,5000,617,5500,22515,2000,1095,3000,2121,10,7054,3000,22515,3000,16024,5,18874,2,0,0,0,0,0,0,4625,1

//=============================================================
// 火焰盆地
//=============================================================
3020,FIRE_CONDOR,火焰秃鹫,火焰秃鹫,141,125114,1,8590,6750,1,1302,2115,40,55,72,135,31,62,155,30,10,12,1,2,43,0x2003885,115,1148,648,480,0,0,0,0,0,0,0,1939,1,28007,1,28604,1,1995,1,6691,2000,0,0,0,0,0,0,0,0,0,0
3021,FIRE_SAND_MAN,火焰泥人,火焰泥人,143,130501,1,9946,7850,1,1502,2440,120,35,85,98,77,52,167,37,10,12,1,0,63,0x3885,220,1672,720,288,0,0,0,0,0,0,0,1839,1,1443,1,28705,1,2025,1,6694,1500,0,0,0,0,0,0,0,0,0,0
3022,FIRE_FRILLDORA,火焰伞蜥,火焰伞蜥,147,141301,1,10580,11620,1,1382,2245,55,67,125,108,76,35,134,55,10,12,1,2,63,0x3885,145,1290,720,432,0,0,0,0,0,0,0,18130,1,1680,1,13454,1,13127,1,6696,1500,6694,1500,0,0,0,0,0,0,0,0
3023,FIRE_GOLEM,火焰巨石怪,火焰巨石怪,148,180213,1,15580,14430,1,2050,3331,320,30,162,38,155,22,120,42,10,12,2,0,43,0x3885,300,1290,816,396,0,0,0,0,0,0,0,1498,1,21015,1,28106,1,16040,1,6693,2000,6695,1500,0,0,0,0,0,0,0,0

3026,FIREPIT,火坑,火坑,17,10,1,58,43,3,62,77,20,3,15,8,17,0,15,0,10,12,1,1,29,0x173884,145,1290,432,600,0,0,0,0,0,0,0,0,0,0,0,0,0,0,0,0,0,0,0,0,0,0,0,0,0,0,0
3027,FULBUK,火焰盗虫,火焰盗虫,150,122800,1,10580,9430,1,610,991,55,26,85,128,35,44,127,26,10,12,1,4,83,0x3885,145,790,288,768,0,0,0,0,0,0,0,6689,1000,0,0,0,0,0,0,0,0,0,0,0,0,0,0,0,0,0,0
3028,SONIA,索尼亚,索尼亚,17,20,1,58,43,1,62,77,20,3,15,8,17,0,15,0,10,12,1,1,29,0x173884,145,1290,432,600,0,0,0,0,0,0,0,6690,1000,0,0,0,0,0,0,0,0,0,0,0,0,0,0,0,0,0,0

3039,B_MOROCC_1,火焰的梦罗克分身,火焰的梦罗克分身,149,8000000,1,2855,1647,1,1795,2556,199,35,126,91,63,61,114,37,10,12,2,8,27,0x6203695,110,576,480,432,0,0,0,0,0,0,0,0,0,0,0,0,0,0,0,0,0,0,0,0,0,0,0,0,0,0,0
3040,B_MOROCC_2,扭曲的梦罗克分身,扭曲的梦罗克分身,149,6400000,1,3311,1910,1,1570,2220,92,5,121,86,71,65,113,44,10,12,1,6,67,0x6203695,150,576,648,300,0,0,0,0,0,0,0,0,0,0,0,0,0,0,0,0,0,0,0,0,0,0,0,0,0,0,0
3041,B_MOROCC_4,冰冷的梦罗克分身,冰冷的梦罗克分身,149,7700000,1,2995,2028,1,1251,1745,109,54,114,88,62,97,164,43,10,12,1,6,68,0x6203695,150,1536,648,300,0,0,0,0,0,0,0,0,0,0,0,0,0,0,0,0,0,0,0,0,0,0,0,0,0,0,0

3061,E_ANGRY_MIMIC,暴虐之箱,暴虐之箱,1,30,1,0,0,1,1,1,100,99,1,1,1,1,1,1,10,12,2,0,20,0x170081,100,168,480,360,0,0,0,0,0,0,0,0,0,0,0,0,0,0,0,0,0,0,0,0,0,0,0,0,0,0,0

//=============================================================
// 威尔斯挖掘场
//=============================================================
3153,EXCAVATOR_ROBOT,挖掘用机器人,挖掘用机器人,163,166860,1,15026,16915,3,4093,6007,138,53,102,104,72,57,98,57,10,12,1,0,60,0x9D,250,500,288,360,0,0,0,0,0,0,0,6962,51,11597,251,6224,101,6751,50,999,1000,0,0,0,0,0,0,0,0,0,0
3154,RECON_ROBOT,侦查用机器人,侦查用机器人,165,256000,1,15796,17738,3,2668,3863,128,60,112,60,72,57,120,77,10,12,2,0,80,0x9D,170,672,288,360,0,0,0,0,0,0,0,6961,1,11597,151,998,1001,6223,51,0,0,0,0,0,0,0,0,0,0,0,0
3155,REPAIR_ROBOT,修理用机器人,修理用机器人,155,154760,1,11748,13237,3,1893,2714,99,55,98,39,30,35,95,45,10,12,0,3,24,0x9D,300,500,288,360,0,0,0,0,0,0,0,6961,2,6962,51,998,4001,28368,1,6224,101,999,1000,0,0,0,0,0,0,0,0
3156,EXPLORATION_ROVER,探测用机器人,探测用机器人,168,293640,1,18172,35065,3,2278,3283,105,41,100,63,35,99,106,61,10,12,2,7,80,0x9D,160,1152,288,360,0,0,0,0,0,0,0,6962,51,6961,2,998,4001,6223,101,999,1000,0,0,0,0,0,0,0,0,0,0
3157,JT_RUIN_BELIEVER1,灭亡教徒,灭亡教徒,100,61350,1,4666,3874,1,982,1379,91,50,88,61,51,62,136,60,10,12,1,7,40,0x8D,200,2128,560,580,0,0,0,0,0,0,0,0,0,0,0,0,0,0,0,0,0,0,0,0,0,0,0,0,0,0,0
3158,JT_RUIN_BELIEVER2,灭亡教徒,灭亡教徒,100,61350,1,4666,3874,1,982,1379,91,50,88,61,51,62,136,60,10,12,1,7,40,0x8D,200,2128,560,580,0,0,0,0,0,0,0,6753,10000,0,0,0,0,0,0,0,0,0,0,0,0,0,0,0,0,0,0
3159,JT_ILLEGAL_PROMOTION,教团的印记,教团的印记,100,10,1,0,0,1,101,102,1,50,1,1,1,1,1,1,10,12,0,0,40,0x2170000,100,1152,1000,0,0,0,0,0,0,0,0,0,0,0,0,0,0,0,0,0,0,0,0,0,0,0,0,0,0,0,0

3247,CENERE_G,沙尘,沙尘,150,140088,1,7635,7698,1,1442,2343,91,81,67,39,30,35,95,45,10,12,0,0,24,0x2003695,300,1500,720,360,0,0,0,0,0,0,0,7320,1000,6213,2001,6561,1000,0,0,0,0,0,0,0,0,0,0,0,0,27014,1
3248,REPAIR_ROBOT_T,修理用机器人II,修理用机器人II,158,186320,1,11748,13237,3,2418,3465,118,59,98,69,30,35,135,45,10,12,0,0,40,0x9D,300,500,288,360,0,0,0,0,0,0,0,6962,51,6961,3,6223,101,6225,1,28369,1,11597,1001,0,0,0,0,0,0,27015,1
3249,EXPLORATION_ROVER_T,探测用机器人II,探测用机器人II,171,318117,1,18172,35065,3,2699,3890,121,67,100,93,35,99,166,61,10,12,2,0,80,0x200009D,170,1152,288,360,0,0,0,0,0,0,0,6962,51,6961,3,6224,101,6226,1,11597,1001,0,0,0,0,0,0,0,0,27016,1
3250,SCR_MT_ROBOTS,后勤机器人,后勤机器人,155,30,1,18172,35065,1,1199,1949,100,99,56,139,45,120,155,56,10,12,0,0,20,0x2170089,200,496,288,360,0,0,0,0,0,0,0,7317,1657,6751,749,6750,107,15149,1,0,0,0,0,0,0,0,0,0,0,27017,1
3251,GC109,GC109,GC109,149,217650,1,16172,14065,1,1187,1929,143,45,56,199,35,65,156,72,10,12,0,0,23,0x9D,120,484,500,480,0,0,0,0,0,0,0,1259,17,7317,1654,1277,6,0,0,0,0,0,0,0,0,0,0,0,0,27018,1
3252,DR815,DR815,DR815,153,245670,1,18172,15065,1,1708,2776,143,45,122,76,50,46,176,66,10,12,1,0,27,0x9D,135,592,500,480,0,0,0,0,0,0,0,7317,1657,1275,12,1276,12,1277,6,0,0,0,0,0,0,0,0,0,0,27019,1

3255,GHOUL_H,沉痛的亡者,沉痛的亡者,155,178652,1,9765,7795,1,1788,2906,99,55,130,56,78,23,154,12,10,12,1,1,69,0x95,250,796,912,504,0,0,0,0,0,0,0,2609,19,930,796,934,1175,514,560,724,12,0,0,0,0,0,0,0,0,0,0
3256,ZOMBIE_H,悲痛的亡者,悲痛的亡者,148,134615,1,8172,9653,1,1596,2594,91,42,99,106,56,56,134,32,10,12,1,1,69,0x95,300,1152,912,288,0,0,0,0,0,0,0,514,376,930,1157,934,1956,724,10,2609,12,0,0,0,0,0,0,0,0,0,0

//=============================================================
// 受侵略的普隆德拉&普隆德拉地下监狱
//=============================================================
3442,FROZENWOLF,霜狼,霜狼,140,80000,1,4599,4500,1,1500,2200,50,50,99,99,30,99,99,5,10,12,1,2,21,0x308D,200,1120,420,288,0,0,0,0,0,0,0,6921,2000,0,0,0,0,0,0,0,0,0,0,0,0,0,0,0,0,4640,1
3443,TAFFY,塔非,塔非,145,100000,1,6162,6183,1,1700,2400,125,47,80,110,45,90,85,35,10,12,1,2,22,0x91,200,1604,840,756,0,0,0,0,0,0,0,6922,2000,0,0,0,0,0,0,0,0,0,0,0,0,0,0,0,0,4639,1
3444,WATCHER,观察者,观察者,145,120000,1,5285,6463,6,1686,2521,125,47,60,82,65,107,94,82,10,12,0,0,64,0x95,190,336,840,360,0,0,0,0,0,0,0,6924,2000,0,0,0,0,0,0,0,0,0,0,0,0,0,0,0,0,4638,1

3451,IMMOTAL_CORPS,不死军团,不死军团,158,198410,1,5938,6702,1,1806,2889,150,83,80,90,82,23,97,21,10,12,1,6,49,0x3695,200,768,768,576,0,0,0,0,0,0,0,0,0,0,0,0,0,0,0,0,0,0,0,0,0,0,0,0,0,4637,1
3452,ZOMBIE_GUARD,僵尸警卫兵,僵尸警卫兵,145,124000,1,4710,4857,1,1546,2545,200,35,65,80,48,79,72,48,10,12,1,1,89,0x3695,175,2612,912,288,0,0,0,0,0,0,0,0,0,0,0,0,0,0,0,0,0,0,0,0,0,0,0,0,0,4641,1

3454,HEART_HUNTER_N,赏金猎人,赏金猎人,103,2106,1,0,0,1,915,1254,49,0,111,63,51,37,132,45,10,12,1,7,47,0x3885,200,768,360,432,0,0,0,0,0,0,0,0,0,0,0,0,0,0,0,0,0,0,0,0,0,0,0,0,0,0,0
3455,GLASS_PLATE,非常高级的盘子,非常高级的盘子,1,1,0,0,0,1,1,2,100,99,0,0,0,0,0,0,7,12,0,0,20,0x170000,2000,1,1,1,0,0,0,0,0,0,0,0,0,0,0,0,0,0,0,0,0,0,0,0,50,0,0,0,0,0,0

//=============================================================
// 阵亡者之墓
//=============================================================
3208,V_EREMES,十字斩首者 艾勒梅斯,EREMES,179,3570000,1,168873,177460,1,2380,3868,180,100,495,239,100,426,227,76,10,12,1,6,85,0x6203695,150,76,384,288,0,0,0,0,0,0,0,22679,40,6816,10,6820,500,547,2222,19973,1,20748,1,0,0,0,0,0,0,4684,1
3209,V_MAGALETA,大主教 玛嘉雷特,MAGALETA,177,4080000,1,178865,157731,1,2221,3609,160,400,426,74,155,423,199,65,10,12,1,7,86,0x6203695,150,1152,384,288,0,0,0,0,0,0,0,22679,40,6819,10,6820,500,547,2222,19962,1,20748,1,0,0,0,0,0,0,4685,1
3210,V_KATRINN,大法师 凯特莉娜,KATRINN,177,3060000,1,143268,146536,1,2202,3578,110,400,408,78,105,444,239,49,10,12,1,7,88,0x6203695,150,1152,384,288,0,0,0,0,0,0,0,22679,40,6817,10,6820,500,547,2222,19968,1,20748,1,0,0,0,0,0,0,4686,1
3211,V_SHECIL,游侠 塞西尔,SHECIL,179,3570000,1,134652,169304,14,2255,3665,100,100,421,126,117,388,420,42,10,12,1,7,84,0x6203695,150,76,384,288,0,0,0,0,0,0,0,22679,40,6818,10,6820,500,547,2222,19974,1,20748,1,0,0,0,0,0,0,4687,1
3212,V_HARWORD,机匠 哈沃得,HARWORD,177,5100000,1,145922,191845,1,2373,3856,200,100,458,89,162,413,222,58,10,12,1,7,82,0x6203695,150,76,384,288,0,0,0,0,0,0,0,22679,40,6815,10,6820,500,547,2222,19963,1,19964,1,20748,1,0,0,0,0,4688,1
3213,V_SEYREN,符文骑士 赛依连,SEYREN,179,4080000,1,177510,148950,1,2481,4031,400,200,542,69,136,409,232,63,10,12,1,6,83,0x6203695,150,76,384,288,0,0,0,0,0,0,0,22679,40,6814,10,6820,500,547,2222,19961,1,20748,1,0,0,0,0,0,0,4689,1
3214,V_G_EREMES,十字斩首者 艾勒梅斯,EREMES,179,4200000,1,0,0,1,2380,3868,180,100,495,239,100,426,227,76,10,12,1,6,85,0x6283695,100,76,384,288,0,0,0,0,0,0,0,0,0,0,0,0,0,0,0,0,0,0,0,0,0,0,0,0,0,0,0
3215,V_G_MAGALETA,大主教 玛嘉雷特,MAGALETA,177,4800000,1,0,0,1,2221,3609,160,400,426,74,155,423,199,65,10,12,1,7,86,0x6283695,100,1152,384,288,0,0,0,0,0,0,0,0,0,0,0,0,0,0,0,0,0,0,0,0,0,0,0,0,0,0,0
3216,V_G_KATRINN,大法师 凯特莉娜,KATRINN,177,3600000,1,0,0,1,2202,3578,110,400,408,78,105,444,239,49,10,12,1,7,88,0x6283695,100,1152,384,288,0,0,0,0,0,0,0,0,0,0,0,0,0,0,0,0,0,0,0,0,0,0,0,0,0,0,0
3217,V_G_SHECIL,游侠 塞西尔,SHECIL,179,4200000,1,0,0,14,2255,3665,100,100,421,126,117,388,420,42,10,12,1,7,84,0x6283695,100,76,384,288,0,0,0,0,0,0,0,0,0,0,0,0,0,0,0,0,0,0,0,0,0,0,0,0,0,0,0
3218,V_G_HARWORD,机匠 哈沃得,HARWORD,177,6000000,1,0,0,1,2373,3856,200,100,458,89,162,413,222,58,10,12,1,7,82,0x6283695,100,76,384,288,0,0,0,0,0,0,0,0,0,0,0,0,0,0,0,0,0,0,0,0,0,0,0,0,0,0,0
3219,V_G_SEYREN,符文骑士 赛依连,SEYREN,179,4800000,1,0,0,1,2481,4031,400,200,542,69,136,409,232,63,10,12,1,6,83,0x6283695,100,76,384,288,0,0,0,0,0,0,0,0,0,0,0,0,0,0,0,0,0,0,0,0,0,0,0,0,0,0,0
3220,V_B_EREMES,艾勒梅斯・盖尔,EREMES,189,16690000,1,4185000,3147120,1,5379,8741,445,98,545,338,114,523,338,120,10,12,1,6,85,0x6283695,100,76,384,288,2092500,12246,3500,0,0,607,2000,0,0,6816,10000,1291,1000,0,0,19973,500,20749,100,0,0,0,0,0,0,4674,1
3221,V_B_MAGALETA,玛嘉雷特・索琳,MAGALETA,189,14400000,1,3465000,2520000,1,2998,4872,231,349,434,150,164,566,265,120,10,12,1,7,86,0x6283695,100,1152,384,288,1732500,12246,3500,0,0,607,2000,0,0,6819,1000,2162,1000,0,0,19962,500,20749,100,0,0,0,0,0,0,4675,1
3222,V_B_SHECIL,塞西尔・迪文,SHECIL,189,12420000,1,4106880,3080160,14,4186,6802,178,135,445,258,155,432,464,120,10,12,1,7,84,0x6283695,100,76,384,288,2053440,12246,3500,0,0,607,2000,0,0,6818,10000,18110,500,0,0,19974,500,20749,100,0,0,0,0,0,0,4676,1
3223,V_B_HARWORD,哈沃德・艾尔特艾森,HARWORD,189,20250000,1,3555000,2664000,1,4700,7638,301,106,475,148,156,432,285,120,10,12,1,7,82,0x6283695,100,76,384,288,1777500,12246,3500,0,0,607,2000,0,0,6815,10000,1549,1000,0,0,19963,500,19964,500,20749,100,0,0,0,0,4677,1
3224,V_B_KATRINN,凯特莉娜・奇荣,KATRINN,189,13500000,1,3240000,2430000,1,2516,4089,215,456,418,190,142,475,299,120,10,12,1,7,88,0x6283695,100,1152,384,288,1620000,12246,3500,0,0,607,2000,0,0,6817,10000,2198,1000,0,0,19968,500,20749,100,0,0,0,0,0,0,4678,1
3225,V_B_SEYREN,赛依连・温沙,SEYREN,189,24320000,1,4642560,3481920,1,5722,9298,567,155,615,115,181,432,287,120,10,12,1,6,83,0x6283695,100,76,384,288,2321280,12246,3500,0,0,607,2000,0,0,6814,10000,21012,200,21013,200,19961,500,20749,100,0,0,0,0,0,0,4679,1
3226,V_RANDEL,皇家卫士 兰德尔,RANDEL,178,5100000,1,142345,124690,1,2350,3819,300,200,458,74,263,350,285,65,10,12,1,7,86,0x6203695,150,76,384,288,0,0,0,0,0,0,0,22679,40,6814,10,6820,500,547,2222,19972,1,20393,1,20748,1,0,0,0,0,4690,1
3227,V_FLAMEL,基因学者 弗拉梅尔,FLAMEL,176,4080000,1,145922,191845,1,2370,3851,130,100,441,78,170,481,247,127,10,12,1,7,83,0x6203695,150,76,384,288,0,0,0,0,0,0,0,22679,40,6815,10,6820,500,547,2222,19967,1,20748,1,0,0,0,0,0,0,4691,1
3228,V_CELIA,元素使 希莉亚,CELIA,178,4590000,1,173268,146536,1,2199,3574,110,800,436,99,111,421,221,49,10,12,1,7,88,0x6203695,150,1152,384,288,0,0,0,0,0,0,0,22679,40,6817,10,6820,500,547,2222,19970,1,20748,1,0,0,0,0,0,0,4692,1
3229,V_CHEN,修罗 陈,CHEN,178,3570000,1,178865,157731,1,2223,3613,180,100,422,81,133,430,301,61,10,12,1,6,81,0x6203695,150,1152,384,288,0,0,0,0,0,0,0,22679,40,6819,10,6820,500,547,2222,19969,1,20748,1,0,0,0,0,0,0,4693,1
3230,V_GERTIE,逐影 格蒂,GERTIE,178,4080000,1,138873,177746,1,2362,3839,160,100,480,205,105,391,363,45,10,12,1,6,85,0x6203695,150,76,384,288,0,0,0,0,0,0,0,22679,40,6816,10,6820,500,547,2222,19965,1,20748,1,0,0,0,0,0,0,4694,1
3231,V_ALPHOCCIO,宫廷乐师 阿弗克希奥,ALPHOCCIO,176,3060000,1,134652,169304,1,2278,3701,120,100,445,97,121,481,281,81,10,12,1,7,84,0x6203695,150,76,384,288,0,0,0,0,0,0,0,22679,40,6818,10,6820,500,547,2222,19966,1,20748,1,0,0,0,0,0,0,4696,1
3232,V_TRENTINI,流浪舞者 特兰提妮,TRENTINI,176,3060000,1,134652,169304,1,2310,3753,100,100,465,81,115,494,292,76,10,12,1,7,84,0x6203695,150,76,384,288,0,0,0,0,0,0,0,22679,40,6818,10,6820,500,547,2222,19971,1,20748,1,0,0,0,0,0,0,4695,1
3233,V_G_RANDEL,皇家卫士 兰德尔,RANDEL,178,6000000,1,0,0,1,2350,3819,300,200,458,74,263,350,285,65,10,12,1,7,86,0x6283695,100,76,384,288,0,0,0,0,0,0,0,0,0,0,0,0,0,0,0,0,0,0,0,0,0,0,0,0,0,0,0
3234,V_G_FLAMEL,基因学者 弗拉梅尔,FLAMEL,176,4800000,1,0,0,1,2370,3851,130,100,441,78,170,481,247,127,10,12,1,7,83,0x6283695,100,76,384,288,0,0,0,0,0,0,0,0,0,0,0,0,0,0,0,0,0,0,0,0,0,0,0,0,0,0,0
3235,V_G_CELIA,元素使 希莉亚,CELIA,178,5400000,1,0,0,1,2199,3574,110,800,436,99,111,421,221,49,10,12,1,7,88,0x6283695,100,1152,384,288,0,0,0,0,0,0,0,0,0,0,0,0,0,0,0,0,0,0,0,0,0,0,0,0,0,0,0
3236,V_G_CHEN,修罗 陈,CHEN,178,4200000,1,0,0,1,2223,3613,180,100,422,81,133,430,301,61,10,12,1,6,81,0x6283695,100,1152,384,288,0,0,0,0,0,0,0,0,0,0,0,0,0,0,0,0,0,0,0,0,0,0,0,0,0,0,0
3237,V_G_GERTIE,逐影 格蒂,GERTIE,178,4800000,1,0,0,1,2362,3839,160,100,480,205,105,391,363,45,10,12,1,6,85,0x6283695,100,76,384,288,0,0,0,0,0,0,0,0,0,0,0,0,0,0,0,0,0,0,0,0,0,0,0,0,0,0,0
3238,V_G_ALPHOCCIO,宫廷乐师 阿弗克希奥,ALPHOCCIO,176,3600000,1,0,0,1,2278,3701,120,100,445,97,121,481,281,81,10,12,1,7,84,0x6283695,100,76,384,288,0,0,0,0,0,0,0,0,0,0,0,0,0,0,0,0,0,0,0,0,0,0,0,0,0,0,0
3239,V_G_TRENTINI,流浪舞者 特兰提妮,TRENTINI,176,3600000,1,0,0,1,2310,3753,100,100,465,81,115,494,292,76,10,12,1,7,84,0x6283695,100,76,384,288,0,0,0,0,0,0,0,0,0,0,0,0,0,0,0,0,0,0,0,0,0,0,0,0,0,0,0
3240,V_B_RANDEL,兰德尔・劳伦斯,RANDEL,189,25304000,1,4621500,2664000,1,5045,8198,667,151,498,155,301,374,325,120,10,12,1,7,86,0x6283695,100,76,384,288,2310750,12246,3500,0,0,607,2000,0,0,6814,10000,28372,100,0,0,19972,500,0,0,20749,100,0,0,0,0,4680,1
3241,V_B_FLAMEL,弗拉梅尔・伊缪,FLAMEL,189,20254000,1,5223570,2630354,1,2826,4593,253,133,466,175,157,502,288,120,10,12,1,7,83,0x6283695,100,76,384,288,2611785,12246,3500,0,0,607,2000,0,0,6815,10000,18570,100,0,0,19967,500,20749,100,0,0,0,0,0,0,4681,1
3242,V_B_CELIA,希莉亚・爱德尔,CELIA,189,16200640,1,5027308,2509792,1,2978,4839,201,543,446,178,131,485,297,120,10,12,1,7,88,0x6283695,100,1152,384,288,2513654,12246,3500,0,0,607,2000,0,0,6817,10000,2161,1000,0,0,19970,500,20749,100,0,0,0,0,0,0,4671,1
3243,V_B_CHEN,陈・流,CHEN,189,17892000,1,5113568,2934974,1,4341,7054,216,134,480,195,165,450,355,120,10,12,1,6,81,0x6283695,100,1152,384,288,2556784,12246,3500,0,0,607,2000,0,0,6819,10000,16017,1000,0,0,19969,500,20749,100,0,0,0,0,0,0,4672,1
3244,V_B_GERTIE,格蒂・薇,GERTIE,189,17082640,1,4420698,2691274,1,4994,8116,251,107,517,315,127,401,415,120,10,12,1,6,85,0x6283695,100,76,384,288,2210349,12246,3500,0,0,607,2000,0,0,6816,10000,2892,1000,13017,100,19965,500,20749,100,0,0,0,0,0,0,4682,1
3245,V_B_ALPHOCCIO,阿弗克西奥・巴希尔,ALPHOCCIO,189,16396480,1,4226036,2468972,1,3170,5151,201,109,465,161,130,501,332,120,10,12,1,7,84,0x6283695,100,76,384,288,2113018,12246,3500,0,0,607,2000,0,0,6818,10000,18570,100,0,0,19966,500,20749,100,0,0,0,0,0,0,4673,1
3246,V_B_TRENTINI,特兰提妮,TRENTINI,189,16396480,1,4463758,2563096,1,2419,3931,181,112,505,247,135,514,353,120,10,12,1,7,84,0x6283695,100,76,384,288,2231879,12246,3500,0,0,607,2000,0,0,6818,10000,18570,100,0,0,19971,500,20749,100,0,0,0,0,0,0,4683,1

//=============================================================
// 古代的克雷斯特汉姆[副本]
//=============================================================
2464,MG_ZOMBIE,腐败的管家,腐败的管家,130,135600,1,6666,7999,1,2065,3010,15,15,44,22,77,25,88,22,10,12,1,1,29,0x3885,400,1216,912,288,0,0,0,0,0,0,0,6610,2000,727,10,6609,3000,6608,5,0,0,0,0,0,0,0,0,0,0,0,0
2465,MG_WRAITH,堕落的修道士,堕落的修道士,133,100168,1,6999,8398,1,948,1347,80,200,16,26,30,115,79,5,10,12,2,1,89,0x3695,300,576,576,240,0,0,0,0,0,0,0,731,10,2206,50,6610,2000,6609,3000,747,10,6608,5,0,0,0,0,0,0,0,0
2466,MG_GHOUL,痛苦的侍从长,痛苦的侍从长,132,208100,1,7111,8533,1,2592,3778,30,30,88,44,88,21,95,44,10,12,1,1,49,0x3885,250,1016,912,504,0,0,0,0,0,0,0,2609,50,6608,5,6609,3000,6610,2000,7751,600,756,1500,1260,10,0,0,0,0,0,0
2467,MG_ARCLOUSE,蛆虫,蛆虫,133,80811,1,11,13,1,1189,1688,121,36,60,103,45,35,172,15,10,12,1,4,42,0x2003095,100,476,500,480,0,0,0,0,0,0,0,0,0,0,0,0,0,0,0,0,0,0,0,0,0,0,0,0,0,0,0
2468,MG_RAYDRIC,腐败的近卫兵,腐败的近卫兵,135,184080,1,8153,3472,1,2827,4094,89,15,159,87,66,33,106,27,10,12,2,1,47,0x3095,150,824,780,420,0,0,0,0,0,0,0,985,106,2316,50,6610,2000,6609,3000,7054,4850,6608,5,15037,1,0,0,0,0,0,0
2469,MG_RAYDRIC_ARCHER,徘徊的弓箭手,徘徊的弓箭手,136,144370,1,7124,4689,9,3301,4858,63,40,53,24,40,15,156,30,10,12,1,1,47,0x2002085,200,876,1152,480,0,0,0,0,0,0,0,7054,4656,6608,5,985,200,2330,50,6610,2000,6609,3000,0,0,0,0,0,0,0,0
2470,MG_KNIGHT_OF_ABYSS,堕落的深渊骑士,堕落的深渊骑士,142,225789,1,9292,8288,1,2823,4103,102,50,121,55,99,70,126,37,10,12,2,1,87,0x3695,300,1016,500,1000,0,0,0,0,0,0,0,1064,5335,6607,1,1004,1,6610,2000,6609,3000,6608,10,0,0,0,0,0,0,0,0
2471,MG_KHALITZBURG,痛苦的卡利斯格,痛苦的卡利斯格,143,236851,1,8771,7331,1,2504,3624,125,10,121,142,55,81,105,32,10,12,2,1,29,0x3695,350,528,1000,396,0,0,0,0,0,0,0,6609,3000,985,191,1110,50,2108,20,1004,10,6610,2000,6607,1,6608,10,15036,1,0,0
2472,MG_BLOODY_KNIGHT,血腥骑士,血腥骑士,143,246751,1,10224,10941,3,1779,2532,122,300,132,55,89,151,137,45,10,12,2,1,87,0x3695,250,828,528,192,0,0,0,0,0,0,0,7054,4850,2229,45,2317,5,2125,62,1170,10,1417,2,15014,50,6608,10,6607,1,0,0
2473,MG_M_UNDEAD_KNIGHT,毁灭的第1骑士团长,毁灭的第1骑士团长,145,950033,1,80009,67592,2,2966,4295,80,150,165,82,110,122,154,52,10,12,1,1,49,0x6203695,130,596,384,288,0,0,0,0,0,0,0,1191,100,21013,10,1463,1000,18661,10,6609,1000,6610,1000,6607,500,0,0,0,0,4605,1
2474,MG_F_UNDEAD_KNIGHT,毁灭的第2骑士团长,毁灭的第2骑士团长,145,848011,1,79836,60199,2,2772,4008,80,180,155,88,110,135,154,59,10,12,1,1,49,0x6203695,110,596,384,288,0,0,0,0,0,0,0,21012,10,1145,50,6607,500,18637,10,6609,1000,6610,1000,6608,200,0,0,0,0,4606,1
2475,MG_CORRUPTION_ROOT,堕落之根,堕落之根,150,1820000,1,1099950,1004240,14,3460,5015,333,333,201,20,90,201,201,20,10,12,2,6,62,0x6280094,2000,854,2016,480,120060,607,5500,608,3500,732,5500,2854,200,7566,10000,607,5500,6608,500,616,5000,6607,1000,0,0,0,0,0,0,4603,1
2476,MG_AMDARAIS,暗达莱斯,暗达莱斯,150,4290000,1,1145600,1098510,3,4637,6753,30,40,255,39,90,169,166,20,10,12,2,1,89,0x6283695,120,876,1152,576,37144,617,5500,617,5000,616,2000,1186,500,1004,10000,607,5000,616,5000,6607,1500,0,0,0,0,0,0,0,0,4601,1

//=============================================================
// 人面虫巢穴[副本]
//=============================================================
2528,FACEWORM,脸虫,脸虫,140,482427,1,38800,3960,1,1694,2421,50,30,100,50,100,100,100,50,10,12,2,4,25,0x2003695,150,1296,576,420,0,0,0,0,0,0,0,971,350,972,350,7326,2000,13089,5,618,1500,0,0,0,0,0,0,0,0,0,0
2529,FACEWORM_QUEEN,脸虫女王,脸虫女王,155,50000000,1,100000,200000,2,3574,5183,100,60,100,100,200,200,200,100,10,12,2,4,85,0x6283695,200,1072,576,420,100000,0,0,0,0,0,0,607,8000,617,5000,6649,9500,12246,300,13090,100,2983,200,2984,200,0,0,0,0,0,0
2530,FACEWORM_DARK,黑暗脸虫,黑暗脸虫,144,5000000,1,100000,100000,2,1903,2708,100,30,100,100,150,150,150,100,10,12,2,4,45,0x6203695,120,996,576,420,0,0,0,0,0,0,0,13089,100,12246,50,2948,25,2984,5,0,0,0,0,0,0,0,0,0,0,0,0
2531,VENOM_BUG,剧毒的卵,剧毒的卵,140,10000,1,0,0,1,340,340,200,100,200,200,200,200,200,200,10,12,0,4,25,0x2173614,2000,10000,1,480,0,0,0,0,0,0,0,0,0,0,0,0,0,0,0,0,0,0,0,0,0,0,0,0,0,0,0
2532,FACEWORM_QUEEN_R,脸虫女王(赤),脸虫女王(赤),155,50000000,1,100000,200000,2,10255,15055,400,400,500,100,200,200,200,100,10,12,2,4,23,0x6283695,200,1072,576,420,100000,0,0,0,0,0,0,617,4500,994,8500,6649,8500,12246,300,13090,100,2983,200,2984,200,0,0,0,0,0,0
2533,FACEWORM_QUEEN_G,脸虫女王(绿),脸虫女王(绿),155,50000000,1,100000,200000,2,4355,6355,500,60,200,100,400,200,200,100,10,12,2,4,22,0x6283695,200,1072,576,420,100000,0,0,0,0,0,0,617,4500,997,8500,6649,8500,12246,300,13090,100,2983,200,2984,200,0,0,0,0,0,0
2534,FACEWORM_QUEEN_B,脸虫女王(青),脸虫女王(青),155,50000000,1,100000,200000,2,4355,6355,100,400,200,100,200,400,200,100,10,12,2,4,21,0x6283695,150,1072,576,420,100000,0,0,0,0,0,0,617,4500,995,8500,6649,8500,12246,300,13090,100,2983,200,2984,200,0,0,0,0,0,0
2535,FACEWORM_QUEEN_Y,脸虫女王(黄),脸虫女王(黄),155,50000000,1,100000,200000,2,4355,6355,100,60,200,400,200,200,200,100,10,12,2,4,24,0x6283695,200,1072,576,420,100000,0,0,0,0,0,0,617,4500,996,8500,6649,8500,12246,300,13090,100,2983,200,2984,200,0,0,0,0,0,0
2536,HIDDEN_MOB3,水球陷阱,水球陷阱,140,10000,1,0,0,3,160,260,200,10,200,200,200,50,1,200,10,12,1,6,21,0x2170084,2000,10000,1,480,0,0,0,0,0,0,0,0,0,0,0,0,0,0,0,0,0,0,0,0,0,0,0,0,0,0,0
2537,HIDDEN_MOB4,脸虫核心,脸虫核心,140,10000,1,0,0,9,80,130,200,10,200,200,200,50,1,200,10,12,1,6,21,0x2170084,100,2000,1,480,0,0,0,0,0,0,0,0,0,0,0,0,0,0,0,0,0,0,0,0,0,0,0,0,0,0,0
2540,FACEWORM_EGG,脸虫卵,脸虫卵,140,10,1,0,0,7,150,150,10,10,10,10,10,10,10,10,10,12,1,4,25,0x2173694,200,1792,1,480,0,0,0,0,0,0,0,938,5000,7032,5000,0,0,0,0,0,0,0,0,0,0,0,0,0,0,0,0
2541,FACEWORM_LARVA,脸虫幼虫,脸虫幼虫,145,260380,1,10,12,1,1286,1851,10,10,10,50,50,50,180,50,10,12,1,4,45,0x2003695,120,1792,500,480,0,0,0,0,0,0,0,912,450,938,3000,943,800,1096,3500,0,0,0,0,0,0,0,0,0,0,0,0

//=============================================================
// 莎拉的记忆[副本]
//=============================================================
2542,IRENE_ELDER,大长老艾琳,大长老艾琳,101,433110,1,11360,27032,2,1582,2281,145,73,82,36,55,100,182,88,10,12,1,7,20,0x6283695,125,1152,384,288,11360,617,5500,603,2250,732,450,12623,9000,12617,500,12618,1000,6223,9000,1285,500,1813,5000,1833,100,0,0,0,0,0,0
2543,PAYONSOLDIER,斐扬警备兵,斐扬警备兵,101,20099,1,1083,2688,3,557,775,66,36,20,46,25,35,64,30,10,12,1,7,20,0x3885,170,504,384,288,0,0,0,0,0,0,0,7479,250,12044,7000,12049,7000,12054,7000,12059,7000,12064,7000,12069,7000,12127,2000,0,0,0,0
2544,PAYONSOLDIER2,斐扬守护兵,斐扬守护兵,101,21099,1,1136,2703,3,678,957,66,36,20,46,25,35,64,30,10,12,1,7,20,0x3885,170,504,384,288,0,0,0,0,0,0,0,7480,250,12071,5000,12076,5000,12081,5000,12086,5000,12091,5000,12096,5000,12128,2000,0,0,0,0
2545,GUARDDOG,优秀的警备犬,优秀的警备犬,115,20099,1,944,2658,1,558,777,66,36,20,46,25,35,64,30,10,12,1,2,22,0x2003695,140,824,504,432,0,0,0,0,0,0,0,7477,250,12043,8000,12048,8000,12053,8000,12058,8000,12063,8000,12068,8000,12125,2000,0,0,0,0
2546,GUARDDOG2,凶暴的警备犬,凶暴的警备犬,115,21099,1,1014,1350,1,579,808,66,36,20,46,25,35,64,30,10,12,1,2,23,0x2003695,140,824,420,288,0,0,0,0,0,0,0,7478,250,12045,6000,12050,6000,12055,6000,12060,6000,12065,6000,12070,6000,12126,2000,0,0,0,0

//=============================================================
// 吉芬魔法大赛[副本]
//=============================================================
2549,GEFFEN_MAGE_1,艾鲁比,艾鲁比,90,100000,1,8900,4550,1,329,424,64,38,50,50,50,50,130,50,10,12,1,7,20,0x2000095,145,790,384,288,0,0,0,0,0,0,0,2116,480,2355,450,2420,620,2521,680,5125,340,1622,490,969,100,608,1000,610,7863,0,0
2550,GEFFEN_MAGE_2,迪奥・阿涅莫斯,迪奥・阿涅莫斯,95,200000,1,9440,4430,1,478,649,129,18,40,40,50,80,130,60,10,12,1,7,20,0x2000095,145,980,384,288,0,0,0,0,0,0,0,505,9880,505,1317,2611,1168,2610,1048,2613,429,969,100,2964,10,0,0,0,0,0,0
2551,GEFFEN_MAGE_3_1,黑色金丝雀,黑色金丝雀,100,300000,1,9780,3665,1,478,632,93,36,70,70,40,40,140,60,10,12,1,7,20,0x2000095,145,490,384,288,0,0,0,0,0,0,0,723,10000,721,10000,726,10000,2718,610,1723,560,1238,450,1234,10,0,0,0,0,0,0
2552,GEFFEN_MAGE_3_2,比比亚・斯内基,比比亚・斯内基,100,300000,1,9780,3665,1,478,632,93,36,70,50,70,40,140,40,10,12,1,7,20,0x2000095,145,670,384,288,0,0,0,0,0,0,0,554,10000,536,9000,732,5750,1387,10,0,0,0,0,0,0,0,0,0,0,0,0
2553,GEFFEN_MAGE_3_3,比利・克鲁利斯,比利・克鲁利斯,100,300000,1,9780,3665,1,468,622,93,36,60,80,30,30,140,70,10,12,1,7,20,0x2000095,145,490,384,288,0,0,0,0,0,0,0,7219,10000,2523,200,2331,200,0,0,0,0,0,0,0,0,0,0,0,0,0,0
2554,GEFFEN_MAGE_4,菲蒙,菲蒙,105,400000,1,11660,4370,1,477,633,114,21,60,60,60,60,140,60,10,12,1,7,20,0x2000095,145,560,384,288,0,0,0,0,0,0,0,717,10000,969,416,2242,124,1528,166,2718,10,0,0,0,0,0,0,0,0,0,0
2555,GEFFEN_MAGE_5,奥德尔,奥德尔,110,600000,1,15610,4861,1,654,906,107,21,40,70,40,100,450,60,10,12,1,7,20,0x2000095,145,882,384,288,0,0,0,0,0,0,0,505,10000,12089,5526,679,2269,1664,25,717,100,0,0,0,0,0,0,0,0,0,0
2556,GEFFEN_MAGE_6,菲尔德 海瑟,菲尔德 海瑟,120,1000000,1,20560,10010,1,480,601,66,47,120,120,120,50,150,60,10,12,1,7,20,0x2000095,145,626,384,288,0,0,0,0,0,0,0,7024,10000,2214,2000,1481,500,2607,300,2185,10,0,0,0,0,0,0,0,0,0,0
2557,GEFFEN_MAGE_7,黑魔,黑魔,130,1200000,1,26100,12030,1,761,1026,135,10,100,100,100,100,145,100,10,12,1,7,20,0x2000095,145,490,384,288,0,0,0,0,0,0,0,7024,10000,608,1000,13301,100,13300,100,13303,100,0,0,0,0,0,0,0,0,0,0
2558,GEFFEN_MAGE_8,伊弗德斯,伊弗德斯,140,1400000,1,46150,18900,1,676,869,120,60,150,100,100,50,170,100,10,12,1,7,20,0x2000095,145,662,384,288,0,0,0,0,0,0,0,608,1500,607,100,12083,1000,714,100,969,100,2506,200,13438,500,0,0,0,0,0,0
2559,GEFFEN_MAGE_9,蕾切妮,蕾切妮,145,1600000,1,52060,24105,1,763,1048,140,57,50,100,50,200,220,75,10,12,1,7,20,0x2000095,145,790,384,288,0,0,0,0,0,0,0,717,10000,523,10000,2608,500,2185,10,2186,10,0,0,0,0,0,0,0,0,0,0
2560,GEFFEN_MAGE_10,梦姬,梦姬,150,2000000,1,60027,40237,3,950,1250,165,62,200,150,50,50,170,100,10,12,1,7,20,0x2000095,145,490,384,288,0,0,0,0,0,0,0,1976,200,607,1000,12013,10000,0,0,0,0,0,0,0,0,0,0,0,0,0,0
2561,GEFFEN_MAGE_11,乔伊,乔伊,155,5000000,1,75335,52130,1,1045,1465,170,65,50,100,100,200,220,100,10,12,1,7,20,0x2000095,145,834,384,288,0,0,0,0,0,0,0,716,10000,717,10000,1025,1000,607,1000,969,1000,608,1500,15073,10,2186,10,0,0,0,0
2562,GEFFEN_MAGE_12,黛惠,黛惠,160,7000000,1,151317,123000,1,1410,2010,175,65,50,100,100,250,220,100,10,12,1,7,48,0x6203695,145,786,384,288,0,0,0,0,0,0,0,2964,100,1624,400,715,10000,969,10000,0,0,0,0,0,0,0,0,0,0,0,0
2563,FEI_KANABIAN,菲・卡纳比安,菲・卡纳比安,160,8000000,1,157975,110571,1,1710,2460,175,65,50,100,100,250,220,100,10,12,1,7,48,0x6203695,145,734,384,288,0,0,0,0,0,0,0,504,10000,607,1000,969,10000,16001,1,0,0,2963,100,0,0,0,0,0,0,0,0
2564,GEFFEN_FENRIR,芬里尔,芬里尔,160,20000000,1,323300,300000,1,2160,3060,200,70,200,100,200,200,220,100,10,12,1,7,48,0x6283695,145,490,384,288,250000,617,1000,618,1000,607,1500,4557,20,0,0,15074,1000,0,0,5672,500,0,0,0,0,0,0,0,0,4556,1
2565,ALPHONSE,阿尔方斯,阿尔方斯,150,1000000,1,0,0,3,650,850,100,20,150,100,50,50,190,100,10,12,1,7,42,0x2000095,300,1608,816,396,0,0,0,0,0,0,0,0,0,0,0,0,0,0,0,0,0,0,0,0,0,0,0,0,0,0,0
2566,ALPHONSE_JR,小阿尔方斯,小阿尔方斯,150,100000,1,0,0,1,450,550,80,20,50,100,50,50,170,100,10,12,1,7,62,0x200009D,300,936,792,432,0,617,1000,618,1000,607,100,0,0,0,0,0,0,0,0,0,0,0,0,0,0,0,0,0,0,0,0

//=============================================================
// 魔神之塔[副本]
//=============================================================
2937,M_LOKI,洛奇,洛奇,155,380000,1,0,0,1,1782,2265,122,25,62,50,105,55,189,23,10,12,1,6,67,0x6203695,100,480,384,288,1005,0,0,0,0,0,0,0,0,0,0,0,0,0,0,0,0,0,0,0,0,0,0,0,0,0,0
2938,MM_MAGIC_SEAL,魔法封印,魔法封印,140,10,1,1,6999,12,156,157,80,200,16,26,30,115,79,5,10,12,2,0,20,0x170084,300,1000,1332,672,0,0,0,0,0,0,0,0,0,0,0,0,0,0,0,0,0,0,0,0,0,0,0,0,0,0,0
2939,MM_EVIL_SHADOW1,诱惑的魔神之影,诱惑的魔神之影,138,112000,1,7456,5983,1,2838,4145,30,30,88,44,88,21,95,44,10,12,2,6,47,0x85,200,500,420,288,0,0,0,0,0,0,0,0,0,0,0,0,0,0,0,0,0,0,0,0,0,0,0,0,0,0,0
2940,MM_EVIL_SHADOW2,猜忌的魔神之影,猜忌的魔神之影,141,127650,1,8103,7738,1,2343,3414,121,36,60,103,45,35,172,15,10,12,2,6,47,0x85,200,600,420,288,0,0,0,0,0,0,0,0,0,0,0,0,0,0,0,0,0,0,0,0,0,0,0,0,0,0,0
2941,MM_EVIL_SHADOW3,绝望的魔神之影,绝望的魔神之影,142,153400,1,8863,6736,1,2795,4062,89,44,120,87,66,33,106,27,10,12,2,6,47,0x85,200,1176,420,288,0,0,0,0,0,0,0,0,0,0,0,0,0,0,0,0,0,0,0,0,0,0,0,0,0,0,0
2942,MM_EVIL_FANATICS,恶魔狂热者,恶魔狂热者,151,8256000,1,1008650,988954,2,2949,4289,166,103,118,72,40,55,213,30,10,12,2,6,67,0x6282295,150,496,624,432,456000,0,0,0,0,0,0,0,0,0,0,0,0,0,0,0,0,0,0,0,0,0,0,0,0,0,0

//=============================================================
// 幽灵皇宫[副本]
//=============================================================
2948,CURSED_SOLDIER,受诅咒的士兵,受诅咒的士兵,110,18574,1,1907,1851,9,1258,1791,85,35,81,50,64,56,178,23,10,12,1,1,69,0x3695,150,1960,576,420,0,0,0,0,0,0,0,6672,300,0,0,0,0,0,0,0,0,0,0,0,0,0,0,0,0,0,0
2949,CURSED_SENTINEL,受诅咒的守卫,受诅咒的守卫,110,14099,1,1634,1346,2,1347,1906,84,41,120,65,66,41,107,26,10,12,2,7,67,0x3885,175,914,1344,384,0,0,0,0,0,0,0,6672,300,0,0,0,0,0,0,0,0,0,0,0,0,0,0,0,0,0,0
2950,BROKEN_MIND,破碎的约定,破碎的约定,110,13520,1,1545,1557,1,1259,1799,67,27,69,37,36,10,64,5,10,12,1,6,67,0x2003695,200,920,720,200,0,0,0,0,0,0,0,6672,300,0,0,0,0,0,0,0,0,0,0,0,0,0,0,0,0,0,0
2951,FLOATING_WORD,深藏的忧伤,深藏的忧伤,110,11276,1,1166,1034,1,1080,1509,93,40,111,90,60,70,139,65,10,12,0,6,68,0x2003095,150,972,648,432,0,0,0,0,0,0,0,6672,300,0,0,0,0,0,0,0,0,0,0,0,0,0,0,0,0,0,0
2952,LIKE_LOVE,得不到的爱,得不到的爱,110,14008,1,1505,1667,2,1117,1590,64,51,62,27,25,55,102,20,10,12,1,6,64,0x2003695,150,1056,1056,336,0,0,0,0,0,0,0,6672,300,0,0,0,0,0,0,0,0,0,0,0,0,0,0,0,0,0,0
2953,CURSED_MEMORY,懊悔的记忆,懊悔的记忆,110,18045,1,1802,1623,1,1310,1867,89,28,87,39,58,5,82,10,10,12,1,1,69,0x308D,350,1768,500,192,0,0,0,0,0,0,0,6672,300,0,0,0,0,0,0,0,0,0,0,0,0,0,0,0,0,0,0
2954,COLORLESS_VOW,玷污的誓约,玷污的誓约,110,19194,1,1939,1881,1,1478,2121,95,41,84,35,60,20,85,15,10,12,1,1,69,0x308D,350,1848,500,576,0,0,0,0,0,0,0,6672,300,0,0,0,0,0,0,0,0,0,0,0,0,0,0,0,0,0,0
2955,OLD_FRIENDSHIP,荒废的友情,荒废的友情,110,12614,1,1306,1328,1,1147,1638,78,5,56,12,19,11,30,10,10,12,1,1,49,0x3885,250,2456,912,504,0,0,0,0,0,0,0,6672,300,0,0,0,0,0,0,0,0,0,0,0,0,0,0,0,0,0,0
2956,SWEET_SLAUGHTER,甜蜜的杀戮,甜蜜的杀戮,110,13986,1,1960,1587,1,1216,1709,125,10,121,48,40,31,125,32,10,12,2,1,29,0x3695,350,528,1000,396,0,0,0,0,0,0,0,6672,300,0,0,0,0,0,0,0,0,0,0,0,0,0,0,0,0,0,0
2957,FORGOTTEN_NAME,遗忘的名字,遗忘的名字,120,19546,1,1505,1485,2,1093,1520,111,38,121,29,51,43,100,3,10,12,1,1,49,0x3885,155,847,1152,480,0,0,0,0,0,0,0,6672,300,0,0,0,0,0,0,0,0,0,0,0,0,0,0,0,0,0,0
2958,FATAL_DAYS,丧命之日,丧命之日,120,24240,1,2052,26,2,1025,1428,72,15,100,71,63,85,115,37,10,12,1,6,67,0x2003295,190,720,384,480,0,0,0,0,0,0,0,6672,300,0,0,0,0,0,0,0,0,0,0,0,0,0,0,0,0,0,0
2959,TORTUROUS_REDEEMER,异变的王子,异变的王子,120,103342,1,10590,8378,1,1253,1753,144,28,133,69,72,55,165,44,10,12,1,7,62,0x6203695,200,672,420,360,0,0,0,0,0,0,0,6672,10000,6672,10000,6672,10000,6672,10000,6672,10000,923,20,0,0,0,0,0,0,0,0
2960,MM_FLAMECROSS,火焰十字架,火焰十字架,149,10000,1,0,0,1,4400,7150,200,10,200,200,200,200,200,200,10,12,0,4,88,0x2170000,2000,0,1000,0,0,0,0,0,0,0,0,0,0,0,0,0,0,0,0,0,0,0,0,0,0,0,0,0,0,0,0
2961,E_TORTUROUS_REDEEMER,异变的王子(灵魂),异变的王子(灵魂),120,103342,1,0,0,1,1002,1629,144,28,133,69,72,55,165,44,10,12,1,7,62,0x6203695,200,672,420,360,0,0,0,0,0,0,0,0,0,0,0,0,0,0,0,0,0,0,0,0,0,0,0,0,0,0,0

//=============================================================
// 恐怖玩具工厂[副本]
//=============================================================
2987,XM_TREE,奇怪装饰的树,奇怪装饰的树,148,544444,1,4444,14444,1,1347,1924,116,44,44,66,44,44,144,44,10,12,2,6,69,0x2003695,230,917,1584,576,0,0,0,0,0,0,0,604,270,716,230,7212,60,7218,170,7222,230,7939,350,12490,13,6683,90,7642,100,31016,1
2988,XM_ANTONIO,安东尼,安东尼,149,44,1,0,0,1,245,272,160,44,44,88,44,44,144,44,10,12,1,1,67,0x4370081,200,720,720,432,0,0,0,0,0,0,0,7034,3350,12098,300,12490,250,19686,20,2976,70,7642,2000,0,0,0,0,0,0,0,0
2989,XM_COOKIE,礼物包装者,礼物包装者,149,187760,1,6666,6666,1,1348,1925,48,44,44,88,44,44,144,44,10,12,0,6,67,0x2003695,200,480,1248,240,0,0,0,0,0,0,0,530,250,538,250,718,35,7001,550,7642,100,0,0,0,0,0,0,0,0,31017,1
2990,XM_CRUISER,玩具工厂警备兵,玩具工厂警备兵,140,188999,1,0,0,7,1339,1916,20,44,44,88,44,44,144,44,10,12,1,6,69,0x3695,200,770,1296,432,0,0,0,0,0,0,0,0,0,0,0,0,0,0,0,0,0,0,0,0,0,0,0,0,0,0,0
2991,XM_MYSTCASE,未包装好的礼物箱,未包装好的礼物箱,148,259000,1,6666,6666,1,1347,1924,50,44,44,44,44,44,44,44,10,12,1,6,67,0x2003695,200,920,1248,432,0,0,0,0,0,0,0,539,250,7001,300,7643,50,7644,50,7642,100,0,0,0,0,0,0,0,0,31018,1
2992,XM_LUDE,工厂警备员的灵魂,工厂警备员的灵魂,140,4444,1,666,666,2,539,716,90,44,44,44,44,44,44,44,10,12,0,1,67,0x3695,200,770,960,480,0,0,0,0,0,0,0,969,30,1059,300,7220,450,7225,350,7230,10,7642,300,0,0,0,0,0,0,31019,1
2993,XM_HYLOZOIST,未收到礼物的幽灵,未收到礼物的幽灵,145,444444,1,4444,4444,1,1621,2288,101,44,144,66,66,66,166,66,10,12,0,6,67,0x2003695,255,741,1536,480,0,0,0,0,0,0,0,740,455,7213,280,7215,275,7217,355,12020,55,22516,15,7642,300,0,0,0,0,31020,1
2994,XM_MARIONETTE,未被包装的人偶,未被包装的人偶,148,280000,1,4444,14444,1,547,724,35,44,44,44,44,144,88,44,10,12,0,6,28,0x2003895,200,1480,480,1056,0,0,0,0,0,0,0,625,365,699,225,2486,30,2625,150,6100,35,22516,15,7642,300,0,0,0,0,31021,1
2995,XM_TEDDY_BEAR,被遗弃的玩偶熊,被遗弃的玩偶熊,148,180000,1,6666,6666,1,1347,1924,106,44,44,166,44,44,166,44,10,12,0,6,69,0x2003695,200,432,780,504,0,0,0,0,0,0,0,615,300,7317,350,12074,100,12734,250,12738,150,7642,300,0,0,0,0,0,0,31022,1
2996,XM_CELINE_KIMI,席琳基米,席琳基米,160,66666666,1,4444444,4033332,2,5636,8303,479,444,144,166,44,444,166,166,10,12,2,1,28,0x6283695,100,768,1056,480,444444,616,10000,617,10000,22534,10000,22534,4000,18549,4000,7642,4000,19701,100,13442,100,712,10000,0,0,0,0,0,0,31023,1
2997,G_XM_CELINE_KIMI,基米的幻影,基米的幻影,160,20000000,1,0,0,2,5636,8303,479,444,144,166,44,444,166,166,10,12,2,1,28,0x6203695,240,1446,480,1056,0,0,0,0,0,0,0,0,0,0,0,0,0,0,0,0,0,0,0,0,0,0,0,0,0,0,0

//=============================================================
// 摩尔斯洞穴[副本]
//=============================================================
2998,EP14_MORS_EVENT,弱化的梦罗克,弱化的梦罗克,158,1771440,1,12390,14640,2,1742,2491,113,45,87,51,45,88,106,50,10,12,2,6,60,0x6203695,100,312,624,432,0,0,0,0,0,0,0,0,0,0,0,0,0,0,0,0,0,0,0,0,0,0,0,0,0,0,0
2999,EP14_MORS_BOSSA,摩尔斯 魔导士,摩尔斯 魔导士,160,4000000,1,2106000,1215000,1,885,1165,215,555,165,190,142,146,299,93,10,12,1,7,60,0x6283695,150,155,1320,420,160000,607,5000,617,3500,12103,250,4910,5,4913,5,4916,5,4919,5,4922,5,4925,5,607,1000,522,10000,0,0,0,0
3000,EP14_MORS_BOSSB,摩尔斯 妖术师,摩尔斯 妖术师,99,80000000,1,2310750,1332000,1,660,940,1,1,1,1,1,180,1,1,10,12,1,7,82,0x6283695,150,1816,1320,420,160000,607,5000,617,3500,12103,250,4910,10,4913,10,4916,10,4919,10,4922,10,4925,10,607,1500,522,10000,0,0,0,0
3001,EP14_MORS_MOB1,摩尔斯 绿腐尸,摩尔斯 绿腐尸,158,295240,1,1239,1464,1,1742,2491,113,45,87,51,45,88,106,50,10,12,1,6,60,0x2003695,450,2456,912,504,0,0,0,0,0,0,0,4908,5,4911,5,4914,5,4917,5,4920,5,4923,5,0,0,0,0,0,0,0,0
3002,EP14_MORS_MOB2,摩尔斯 俄塞里斯,摩尔斯 俄塞里斯,158,442860,1,1239,1464,1,1742,2491,113,45,87,51,45,88,106,50,10,12,1,6,60,0x2003695,450,1072,672,384,0,0,0,0,0,0,0,4909,10,4912,10,4915,10,4918,10,4921,10,4924,10,0,0,0,0,0,0,0,0
3003,EP14_MORS_MOB3,摩尔斯 邪骸弓箭手,摩尔斯 邪骸弓箭手,158,295240,1,1239,1464,9,1742,2491,113,45,87,51,45,88,106,50,10,12,1,6,60,0x2003695,300,564,864,576,0,0,0,0,0,0,0,4909,5,4912,5,4915,5,4918,5,4921,5,4924,5,0,0,0,0,0,0,0,0
3004,EP14_MORS_MOB4,摩尔斯 恶灵,摩尔斯 恶灵,158,100000,1,1239,1464,2,317,353,13,45,87,51,45,88,106,50,10,12,2,6,60,0x2003695,300,1816,576,240,0,0,0,0,0,0,0,0,0,0,0,0,0,0,0,0,0,0,0,0,0,0,0,0,0,0,0
3005,EP14_MORS_MOB5,摩尔斯 毕莱特,摩尔斯 毕莱特,158,442860,1,1239,1464,2,1742,2491,113,45,87,51,45,88,106,50,10,12,1,6,60,0x2003695,250,2468,768,480,0,0,0,0,0,0,0,4909,5,4912,5,4915,5,4918,5,4921,5,4924,5,0,0,0,0,0,0,0,0
3006,EP14_MORS_MOB6,摩尔斯 鲁德,摩尔斯 鲁德,158,885720,1,1239,1464,2,335,380,113,45,87,51,45,88,299,50,10,12,0,6,60,0x2003695,100,312,960,480,0,0,0,0,0,0,0,0,0,0,0,0,0,0,0,0,0,0,0,0,0,0,0,0,0,0,0
3007,EP14_MORS_DUMMY,摩尔斯 灵魂,摩尔斯 灵魂,158,100000000,1,0,0,2,1742,2491,113,45,87,51,45,88,106,50,10,12,0,6,60,0x170000,100,312,1,1,0,0,0,0,0,0,0,0,0,0,0,0,0,0,0,0,0,0,0,0,0,0,0,0,0,0,0

//=============================================================
// 拜欧斯之岛[副本]
//=============================================================
3010,EP14_3_DEATH_A_MOB1,堕落的兽人婴儿,堕落的兽人婴儿,158,250000,1,12390,14640,1,1036,1415,240,50,120,85,80,60,88,50,10,12,0,7,42,0x83,145,1290,1140,576,0,0,0,0,0,0,0,715,3,716,3,717,3,607,60,604,30,603,60,522,3,0,0,0,0,0,0
3011,EP14_3_DEATH_A_MOB2,堕落的沙漠幼狼,堕落的沙漠幼狼,158,232890,1,12390,14640,1,1016,1395,240,45,100,85,100,88,120,50,10,12,0,2,43,0x1081,145,1290,1140,576,0,0,0,0,0,0,0,715,3,716,3,717,3,607,60,604,30,603,60,522,3,0,0,0,0,0,0
3012,EP14_3_DEATH_A_MOB3,堕落的吸血蝙蝠,堕落的吸血蝙蝠,158,222550,1,12390,14640,1,1002,1381,240,70,86,85,75,53,100,50,10,12,0,5,41,0x2003885,145,1290,1140,576,0,0,0,0,0,0,0,715,3,716,3,717,3,607,60,604,30,603,60,522,3,0,0,0,0,0,0
3013,EP14_3_DEATH_B_MOB1,堕落的兽人战士,堕落的兽人战士,158,300000,1,12390,14640,1,1066,1445,240,60,150,85,150,40,122,70,10,12,1,7,42,0x3885,145,1290,1140,576,0,0,0,0,0,0,0,715,3,716,3,717,3,607,60,604,30,603,60,522,3,0,0,0,0,0,0
3014,EP14_3_DEATH_B_MOB2,堕落的沙漠之狼,堕落的沙漠之狼,158,292450,1,12390,14640,1,1036,1415,240,50,120,85,110,55,130,70,10,12,1,2,43,0x308D,145,1290,1140,576,0,0,0,0,0,0,0,715,3,716,3,717,3,607,60,604,30,603,60,522,3,0,0,0,0,0,0
3015,EP14_3_DEATH_B_MOB3,堕落的剑鱼,堕落的剑鱼,158,284110,1,12390,14640,1,1026,1405,240,100,110,85,95,70,115,70,10,12,1,5,41,0x6203295,145,1290,1140,576,0,0,0,0,0,0,0,715,3,716,3,717,3,607,60,604,60,603,60,522,3,0,0,0,0,0,0
3016,EP14_3_DEATH_C_MOB1,堕落的邪骸兽人,堕落的邪骸兽人,158,375000,1,12390,14640,1,1096,1475,150,150,180,145,202,40,88,30,10,12,1,7,49,0x2003895,145,1290,1140,576,0,0,0,0,0,0,0,715,3,716,3,717,3,607,60,604,60,603,60,522,3,0,0,0,0,0,0
3017,EP14_3_DEATH_C_MOB2,堕落的毕莱特,堕落的毕莱特,158,352715,1,12390,14640,1,1082,1461,200,100,166,87,150,60,150,130,10,12,1,2,49,0x2000097,145,1290,1140,576,0,0,0,0,0,0,0,715,3,716,3,717,3,607,60,604,60,603,60,522,3,0,0,0,0,0,0
3018,EP14_3_DEATH_C_MOB3,堕落的邪骸食人鱼,堕落的邪骸食人鱼,158,347413,1,12390,14640,1,1073,1452,240,300,157,80,140,90,209,84,10,12,1,5,49,0x2003895,145,1290,1140,576,0,0,0,0,0,0,0,715,3,716,3,717,3,607,60,604,30,603,60,522,3,0,0,0,0,0,0
3029,GRIM_REAPER_ANKOU,死神安库,死神安库,159,50000000,1,300000,300000,1,1559,2159,200,70,200,100,200,200,220,100,10,12,2,1,89,0x6283695,145,1290,1140,576,100500,617,3500,607,5500,12246,1000,522,2600,604,1000,603,400,14232,260,0,0,0,0,0,0,0,0,0,0,0,0

//=============================================================
// 噩梦吉特巴[副本]
//=============================================================
3069,PERE1,贝尔,贝尔,125,48430,1,3088,2392,1,930,1279,101,45,109,121,50,55,108,55,10,12,0,6,42,0x2003695,120,1000,600,384,0,0,0,0,0,0,0,740,1000,510,2500,985,200,997,100,6719,30,2986,10,0,0,0,0,0,0,0,0
3070,PERE2,贝尔,贝尔,126,40718,1,3088,2392,1,1154,1643,80,45,95,84,67,116,153,71,10,12,0,6,41,0x2003695,120,1000,600,384,0,0,0,0,0,0,0,6719,30,2987,10,985,200,526,500,549,2500,0,0,0,0,0,0,0,0,0,0
3071,PERE3,贝尔,贝尔,127,53290,1,3088,2392,1,1113,1577,85,45,115,89,65,118,147,75,10,12,0,6,41,0x2003695,120,1000,600,384,0,0,0,0,0,0,0,6719,30,1934,50,1038,1500,984,100,1039,1000,0,0,0,0,0,0,0,0,0,0
3072,PERE4,贝尔,贝尔,128,52280,1,3088,2392,1,1420,2076,98,45,88,110,61,54,133,53,10,12,0,6,42,0x2003695,120,1000,600,384,0,0,0,0,0,0,0,6719,30,1989,50,739,1500,984,100,740,1000,717,2500,0,0,0,0,0,0,0,0
3073,GRAND_PERE,觉醒的贝尔,觉醒的贝尔,140,20000000,1,300000,300000,1,1540,2140,200,45,200,100,200,200,220,100,10,12,2,6,89,0x6283695,160,1000,600,384,150000,607,5000,616,2000,617,2500,2988,400,2989,400,2990,100,2991,100,6719,10000,15100,200,15101,200,0,0,0,0,0,0
3109,JITTERBUG2,吉特巴,吉特巴,130,3432000,1,200000,200000,1,1172,1542,123,11,220,78,81,51,108,56,10,12,2,6,49,0x6283695,180,1000,600,384,100000,607,5000,616,1500,617,3500,1990,400,1935,400,18123,200,18122,200,6719,10000,0,0,0,0,0,0,0,0,0,0

//=============================================================
// 魔神殿[副本]
//=============================================================
3087,M_NYDHOG,尼德霍格的分身,尼德霍格的分身,160,6000000,1,0,0,3,5402,8778,200,120,170,145,165,195,240,55,10,12,2,9,67,0x6203695,150,840,1620,864,0,0,0,0,0,0,0,0,0,0,0,0,0,0,0,0,0,0,0,0,0,0,0,0,0,0,0
3088,MM_BRINARANEA_BABY,冰霜蜘蛛,冰霜蜘蛛,155,155600,1,0,1,3,171,172,80,200,16,26,30,115,79,5,10,12,2,0,20,0x2003885,250,360,360,600,0,0,0,0,0,0,0,0,0,0,0,0,0,0,0,0,0,0,0,0,0,0,0,0,0,0,0
3089,MM_LOCO_KASA,狂暴不死鸟,狂暴不死鸟,155,185000,1,0,0,2,2855,4162,30,30,88,44,88,21,95,44,10,12,2,6,47,0x6203695,150,800,600,288,0,0,0,0,0,0,0,0,0,0,0,0,0,0,0,0,0,0,0,0,0,0,0,0,0,0,0
3090,MM_LOCO_SALAMANDER,熔岩蜥蜴,熔岩蜥蜴,155,217650,1,0,0,2,2357,3428,121,36,60,103,45,35,172,15,10,12,1,6,47,0x6203695,160,140,384,288,0,0,0,0,0,0,0,0,0,0,0,0,0,0,0,0,0,0,0,0,0,0,0,0,0,0,0
3091,MM_BRINARANEA,布里娜拉妮亚,布里娜拉妮亚,165,81650000,1,1156,1148,3,6904,10206,264,177,135,135,88,72,220,91,10,12,2,6,61,0x6203695,150,432,648,300,0,0,0,0,0,0,0,0,0,0,0,0,0,0,0,0,0,0,0,0,0,0,0,0,0,0,0
3092,MM_MUSPELLSKOLL,穆斯贝尔斯科尔,穆斯贝尔斯科尔,165,55620000,1,0,0,3,8104,11973,211,140,202,119,6,45,275,71,10,12,2,6,63,0x6203695,110,212,504,432,0,0,0,0,0,0,0,0,0,0,0,0,0,0,0,0,0,0,0,0,0,0,0,0,0,0,0
3093,MM_BRINARANEA_CORE,寒冰核心,寒冰核心,160,10000,1,0,0,1,1600,2600,200,10,200,200,200,200,200,200,10,12,0,6,21,0x2170004,2000,0,1440,672,0,0,0,0,0,0,0,0,0,0,0,0,0,0,0,0,0,0,0,0,0,0,0,0,0,0,0
3094,MM_MUSPELLSKOLL_CORE,熔岩核心,熔岩核心,160,20000,1,0,0,1,4000,6500,2000,100,200,200,200,200,200,200,10,12,0,6,23,0x2170004,2000,0,1248,576,0,0,0,0,0,0,0,0,0,0,0,0,0,0,0,0,0,0,0,0,0,0,0,0,0,0,0
3095,MM_GOD_SHADOW,神之影,神之影,160,30000,1,0,0,1,2400,3900,200,10,200,200,200,200,200,200,10,12,0,6,26,0x2170000,2000,100,1000,0,0,0,0,0,0,0,0,0,0,0,0,0,0,0,0,0,0,0,0,0,0,0,0,0,0,0,0
3096,MM_MOROCC_KID,再生的半魔神,再生的半魔神,175,80000000,1,0,0,1,4249,6241,158,134,90,122,7,87,287,36,10,12,0,6,66,0x6203695,150,260,384,288,0,0,0,0,0,0,0,0,0,0,0,0,0,0,0,0,0,0,0,0,0,0,0,0,0,0,0
3097,MM_MOROCC_ADT,绝望之神梦罗克,绝望之神梦罗克,175,120000000,1,0,0,1,4715,6924,203,155,122,103,12,106,269,51,10,12,1,6,47,0x6203695,120,436,384,288,0,0,0,0,0,0,0,0,0,0,0,0,0,0,0,0,0,0,0,0,0,0,0,0,0,0,0
3098,MM_MOROCC_ORIGIN,太古的梦罗克,太古的梦罗克,160,3258000,1,0,0,2,5296,7767,351,212,195,35,5,36,355,7,10,12,2,6,87,0x6203695,100,312,624,432,0,0,0,0,0,0,0,0,0,0,0,0,0,0,0,0,0,0,0,0,0,0,0,0,0,0,0
3099,MM_MOROCC_REST,安息的梦罗克,安息的梦罗克,160,1450000,1,0,0,2,2640,3825,112,98,110,98,13,48,271,9,10,12,2,6,87,0x6203695,100,312,624,432,0,0,0,0,0,0,0,0,0,0,0,0,0,0,0,0,0,0,0,0,0,0,0,0,0,0,0
3100,MM_MANA_BLACK,暗影精华,暗影精华,160,30,1,0,0,1,2,3,1,1,1,1,1,1,1,1,7,12,0,0,20,0x170000,2000,1,1248,576,0,0,0,0,0,0,0,0,0,0,0,0,0,0,0,0,0,0,0,0,0,0,0,0,0,0,0
3101,MM_MANA_WHITE,光辉精华,光辉精华,160,30,1,0,0,1,2,3,1,1,1,1,1,1,1,1,7,12,0,0,20,0x170000,2000,1,1248,576,0,0,0,0,0,0,0,0,0,0,0,0,0,0,0,0,0,0,0,0,0,0,0,0,0,0,0
3102,MM_MANA_RED,生命精华,生命精华,160,30,1,0,0,1,2,3,1,1,1,1,1,1,1,1,7,12,0,0,20,0x170000,2000,1,1248,576,0,0,0,0,0,0,0,0,0,0,0,0,0,0,0,0,0,0,0,0,0,0,0,0,0,0,0
3103,MM_MANA_YELLOW,大地精华,大地精华,160,30,1,0,0,1,2,3,1,1,1,1,1,1,1,1,7,12,0,0,20,0x170000,2000,1,1248,576,0,0,0,0,0,0,0,0,0,0,0,0,0,0,0,0,0,0,0,0,0,0,0,0,0,0,0
3105,MM_GB_MOROCC_1,魔神使徒 阿哈特,魔神使徒 阿哈特,149,5000000,1,0,0,1,1795,2556,199,35,126,91,63,61,114,37,10,12,2,8,43,0x6203695,110,576,480,432,0,0,0,0,0,0,0,0,0,0,0,0,0,0,0,0,0,0,0,0,0,0,0,0,0,0,0
3106,MM_GB_MOROCC_4,魔神使徒 塞拉姆,魔神使徒 塞拉姆,149,5000000,1,0,0,1,1251,1745,109,54,114,88,62,97,164,43,10,12,1,6,68,0x6203695,150,1536,648,300,0,0,0,0,0,0,0,0,0,0,0,0,0,0,0,0,0,0,0,0,0,0,0,0,0,0,0

//=============================================================
// 查尔斯顿危机[副本]
//=============================================================
3124,CHARLESTON3,查尔斯顿3号,查尔斯顿3号,145,23671401,1,3132000,2473000,3,1545,2145,200,90,200,100,200,200,220,100,10,12,2,6,60,0x6283695,200,2000,912,432,1000000,616,450,617,2000,607,5500,6750,10000,28101,300,21011,300,2995,300,2996,300,16030,300,16033,300,0,0,0,0,4697,1
3125,STEP,控制装置,控制装置,130,55403,1,3088,2392,1,935,1284,101,58,109,127,50,55,108,55,10,12,0,6,20,0x2000085,100,672,672,480,0,0,0,0,0,0,0,6751,50,6213,300,999,1000,0,0,0,0,0,0,0,0,0,0,0,0,4698,1
3126,ROCK_STEP,战斗装置,战斗装置,131,71056,1,3609,2209,1,1102,1542,85,59,91,89,65,118,147,75,10,12,0,6,40,0x2000085,150,1152,288,360,0,0,0,0,0,0,0,6750,10,6751,500,999,1000,0,0,0,0,0,0,0,0,0,0,0,0,4699,1
3127,KICK_STEP,防御装置,防御装置,132,73644,1,3607,2205,7,1143,1604,80,50,91,86,67,116,153,71,10,12,0,6,20,0x2000085,200,864,288,360,0,0,0,0,0,0,0,7319,1000,999,1000,6751,500,6750,10,0,0,0,0,0,0,0,0,0,0,27012,1
3128,KICK_AND_KICK,驱逐装置,驱逐装置,133,68018,1,3729,2032,1,1476,2069,98,54,156,110,61,53,133,53,10,12,0,6,40,0x2000085,200,576,288,360,0,0,0,0,0,0,0,7319,1000,999,1000,6751,500,6750,10,0,0,0,0,0,0,0,0,0,0,27013,1

3161,BOMB,炸弹,炸弹,130,60250,1,0,0,1,1078,1489,92,82,126,127,62,57,109,34,10,12,0,0,67,0x2000000,100,1152,672,480,0,0,0,0,0,0,0,0,0,0,0,0,0,0,0,0,0,0,0,0,0,0,0,0,0,0,0

//=============================================================
// 古代的克雷斯特汉姆(困难)[副本]
//=============================================================
3139,MG_ZOMBIE_H,腐败的管家,腐败的管家,160,271200,1,13332,17596,1,3986,5877,15,15,44,22,77,25,88,22,10,12,1,1,29,0x3885,400,1216,912,288,0,0,0,0,0,0,0,6610,2000,727,10,6607,1,6609,3000,6755,5,0,0,0,0,0,0,0,0,0,0
3140,MG_WRAITH_H,堕落的修道士,堕落的修道士,163,200336,1,13998,18474,1,1777,2576,80,200,16,26,30,115,79,5,10,12,2,1,89,0x3695,300,576,576,240,0,0,0,0,0,0,0,731,10,2206,50,6607,1,6610,2000,6609,3000,747,10,6755,5,0,0,0,0,0,0
3141,MG_GHOUL_H,痛苦的侍从长,痛苦的侍从长,162,416200,1,14222,18772,1,4994,7366,30,30,88,44,88,21,95,44,10,12,1,1,49,0x3885,250,1016,912,504,0,0,0,0,0,0,0,2609,50,6755,5,6609,3000,6610,2000,7751,600,756,1500,1260,10,6607,1,0,0,0,0
3142,MG_ARCLOUSE_H,蛆虫,蛆虫,163,161622,1,22,28,1,2216,3213,121,36,60,103,45,35,172,15,10,12,1,4,42,0x2003095,100,476,500,480,0,0,0,0,0,0,0,0,0,0,0,0,0,0,0,0,0,0,0,0,0,0,0,0,0,0,0
3143,MG_RAYDRIC_H,腐败的近卫兵,腐败的近卫兵,165,368160,1,16306,7638,1,5391,7924,89,15,159,87,66,33,106,27,10,12,2,1,47,0x3095,150,824,780,420,0,0,0,0,0,0,0,985,106,6607,1,2316,50,6610,2000,6609,3000,7054,4850,6755,5,15037,1,0,0,0,0
3144,MG_RAYDRIC_ARCHER_H,徘徊的弓箭手,徘徊的弓箭手,166,288740,1,14248,10314,9,6444,9557,63,40,53,24,40,15,156,30,10,12,1,1,47,0x2002085,200,876,1152,480,0,0,0,0,0,0,0,7054,4656,6755,5,985,200,2330,50,6607,1,6610,2000,6609,3000,0,0,0,0,0,0
3145,MG_KNIGHT_OF_ABYSS_H,堕落的深渊骑士,堕落的深渊骑士,172,451578,1,18584,18232,1,5413,7973,102,50,121,55,99,70,126,37,10,12,2,1,87,0x3695,300,1016,500,1000,0,0,0,0,0,0,0,1064,5335,6607,2,1004,1,6610,2000,6609,3000,6755,10,0,0,0,0,0,0,0,0
3146,MG_KHALITZBURG_H,痛苦的卡利斯格,痛苦的卡利斯格,173,473702,1,17542,16128,1,4774,7014,125,10,121,142,55,81,105,32,10,12,2,1,29,0x3695,350,528,1000,396,0,0,0,0,0,0,0,6609,3000,985,191,1110,50,2108,20,1004,10,6610,2000,6607,2,6755,10,15036,1,0,0
3147,MG_BLOODY_KNIGHT_H,血腥骑士,血腥骑士,173,493502,1,20448,24070,3,3314,4819,122,300,132,55,89,151,137,45,10,12,2,1,87,0x3695,250,828,528,192,0,0,0,0,0,0,0,7054,4850,2229,45,2317,5,2125,62,1170,10,1417,2,15014,50,6755,10,6607,2,0,0
3148,MG_M_UNDEAD_KNIGHT_H,毁灭的第1骑士团长,毁灭的第1骑士团长,175,1900070,1,160018,148702,2,5653,8310,80,150,165,82,110,122,154,52,10,12,1,1,49,0x6203695,130,596,384,288,0,0,0,0,0,0,0,21013,20,12292,10,12293,10,18661,20,6609,1000,6610,1000,6607,1500,0,0,0,0,4605,1
3149,MG_F_UNDEAD_KNIGHT_H,毁灭的第2骑士团长,毁灭的第2骑士团长,175,1696020,1,159672,132436,2,5274,7746,80,180,155,88,110,135,154,59,10,12,1,1,49,0x6203695,110,596,384,288,0,0,0,0,0,0,0,21012,20,12292,10,12293,10,18637,20,6609,1000,6610,1000,6607,1500,0,0,0,0,4606,1
3150,MG_AMDARAIS_H,觉醒的暗达莱斯,觉醒的暗达莱斯,180,42900000,1,2291320,2416730,3,8899,13131,30,40,255,39,90,169,166,20,10,12,2,1,89,0x6283695,120,876,1152,576,371440,617,5500,607,1500,616,2000,6755,10000,12246,1500,6607,10000,0,0,0,0,0,0,0,0,0,0,0,0,4602,1
3151,MG_CORRUPTION_ROOT_H,觉醒的堕落之根,觉醒的堕落之根,180,18200000,1,2199906,2008478,14,6640,9751,333,333,201,20,90,201,201,20,10,12,2,6,62,0x6280094,2000,854,2016,480,120060,607,5500,608,3500,0,0,2854,1000,617,3500,616,4000,7340,3000,6607,10000,6755,10000,0,0,0,0,0,0,4604,1

//=============================================================
// 飞空艇袭击[副本]
//=============================================================
3175,E1_ROTAR_ZAIRO,直升机哥布灵,直升机哥布灵,113,15900,1,2219,2032,14,507,652,95,34,58,140,90,52,122,10,10,12,2,0,44,0x2085,155,2416,2016,432,0,0,0,0,0,0,0,0,0,2312,1,7053,1000,999,450,984,1,912,2500,0,0,20743,1,0,0,0,0
3176,E1_GREMLIN,小妖精,小妖精,118,20313,1,2606,2498,1,937,1276,76,25,141,75,48,61,126,37,10,12,2,6,47,0x2000095,140,432,540,432,0,0,0,0,0,0,0,7124,4947,1056,5335,997,2500,756,300,1226,5,1622,5,15116,1,20743,1,22046,1,0,0
3177,E1_BEHOLDER,恶魔之眼,恶魔之眼,118,20313,1,2652,2544,1,874,1203,76,25,96,82,65,107,132,82,10,12,2,6,47,0x2000095,190,336,840,360,0,0,0,0,0,0,0,7159,3500,7158,5500,15116,1,522,150,12128,20,0,0,687,100,0,0,0,0,0,0
3178,E1_ACIDUS,俄希托斯,俄希托斯,130,48430,1,3739,3598,1,935,1284,101,90,109,78,50,55,108,55,10,12,2,9,47,0x3095,170,168,1008,300,0,0,0,0,0,0,0,7123,4074,1035,5335,1037,3880,1036,3589,13072,1,22046,1,0,0,0,0,0,0,0,0
3179,E1_ACIDUS_,灰俄希托斯,灰俄希托斯,130,40718,1,3739,3598,1,1423,2016,98,47,106,110,61,53,133,53,10,12,2,9,44,0x3095,180,168,768,360,0,0,0,0,0,0,0,7123,4074,1035,5335,1037,3880,1036,3589,13073,1,22046,1,0,0,0,0,0,0,0,0
3180,E1_G_S_NYDHOG,尼德霍格的影子,尼德霍格的影子,117,300000,1,30000,15000,2,458,608,60,60,199,134,62,236,188,34,10,12,2,9,87,0x6283695,150,1596,1620,864,21600,616,5000,617,3000,607,2000,1036,5335,18115,1,0,0,0,0,22046,100,20743,100,15116,100,0,0,0,0,0,0
3181,E1_FELOCK,佩尔洛克,佩尔洛克,130,3000000,1,38400,28800,1,1215,1644,101,90,275,148,156,72,177,60,10,12,2,9,47,0x6283695,100,76,384,288,26117,12616,2000,616,5000,6225,3000,0,0,0,0,0,0,0,0,0,0,19914,10,15117,200,20744,50,22047,75,0,0

//=============================================================
// 莎拉与芬里尔[副本]
//=============================================================
2337,HIDDEN_MOB,隐形怪物,隐形怪物,151,10000,1,0,0,7,0,0,200,10,200,200,200,200,200,200,10,12,1,4,88,0x2170084,2000,0,1,480,0,0,0,0,0,0,0,0,0,0,0,0,0,0,0,0,0,0,0,0,0,0,0,0,0,0,0

3190,MM_SARAH,莎拉的幻影,莎拉的幻影,160,5800000,1,500000,250000,3,3272,5317,76,55,143,101,106,188,205,136,10,12,1,7,20,0x6283695,100,460,384,288,200000,617,2000,616,3000,607,5000,15121,100,28310,50,28311,50,607,2000,6803,2000,12246,300,0,0,0,0,0,0,4610,1
3191,MM_M_GIGAN1,双斧巨人,双斧巨人,120,143400,1,11320,6200,3,2508,4076,34,42,156,51,30,62,225,21,10,12,1,6,47,0x6203695,200,588,384,288,0,0,0,0,0,0,0,0,0,0,0,0,0,0,0,0,0,0,0,0,0,0,0,0,0,0,0
3192,MM_M_GIGAN2,灵巧的双斧巨人,灵巧的双斧巨人,120,120000,1,11320,6200,3,2668,4326,59,55,212,65,43,21,177,88,10,12,2,6,47,0x6203695,150,288,384,288,0,0,0,0,0,0,0,0,0,0,0,0,0,0,0,0,0,0,0,0,0,0,0,0,0,0,0
3193,MM_M_GIGAN3,双斧巨人首领,双斧巨人首领,105,1563000,1,11230,6015,3,3014,4897,33,35,121,35,45,35,171,15,10,12,2,6,47,0x6203695,170,588,384,288,0,0,0,0,0,0,0,6803,500,0,0,0,0,0,0,0,0,0,0,0,0,0,0,0,0,0,0
3194,MM_L_GIGAN1,巨人,巨人,120,112000,1,10200,5100,3,1738,2824,55,57,135,75,12,72,200,91,10,12,2,6,47,0x6203695,200,588,384,288,0,0,0,0,0,0,0,0,0,0,0,0,0,0,0,0,0,0,0,0,0,0,0,0,0,0,0
3195,MM_L_GIGAN2,灵巧的巨人,灵巧的巨人,120,94175,1,10017,5017,3,1793,2913,51,40,102,69,18,45,215,71,10,12,2,6,47,0x6203695,150,288,384,288,0,0,0,0,0,0,0,0,0,0,0,0,0,0,0,0,0,0,0,0,0,0,0,0,0,0,0
3196,MM_L_GIGAN3,巨人族首领,巨人族首领,120,1334640,1,10302,5201,3,2046,3324,75,50,203,81,1,66,220,103,10,12,2,6,47,0x6203695,170,588,384,288,0,0,0,0,0,0,0,6803,500,0,0,0,0,0,0,0,0,0,0,0,0,0,0,0,0,0,0
3197,MM_M_GARGOYLE,莎拉的使魔,莎拉的使魔,120,56780,1,0,0,9,881,1431,44,43,147,60,66,57,171,70,10,12,1,6,64,0x2003695,150,588,720,384,0,0,0,0,0,0,0,0,0,0,0,0,0,0,0,0,0,0,0,0,0,0,0,0,0,0,0
3198,MM_M_GALION,凶恶的鬣狗,凶恶的鬣狗,110,93165,1,0,0,1,1681,2731,36,71,133,45,71,45,166,45,10,12,1,2,41,0x2003695,200,588,624,360,0,0,0,0,0,0,0,0,0,0,0,0,0,0,0,0,0,0,0,0,0,0,0,0,0,0,0

//=============================================================
// 尽头的房间[副本]
//=============================================================
3253,SYS_MSG,系统信息,系统信息,160,200300,1,0,0,8,1396,2269,178,93,99,156,80,56,177,103,10,12,1,0,27,0x6200085,200,1176,420,288,0,0,0,0,0,0,0,0,0,0,0,0,0,0,0,0,0,0,0,0,0,0,0,0,0,0,0
3254,T_W_O,T_W_O,T_W_O,170,76600000,1,3250000,2950000,1,3795,6167,207,17,115,221,183,93,264,56,10,12,1,0,87,0x6283695,150,576,384,288,3200000,12246,1500,607,8000,6832,500,6832,100,0,0,0,0,0,0,0,0,0,0,0,0,0,0,0,0,27020,1

3493,SYS_MSG_J,系统信息,系统信息,150,40,1,0,0,1,8,13,10,0,10,10,10,93,264,10,10,12,1,0,80,0x170000,500,912,420,288,0,0,0,0,0,0,0,0,0,0,0,0,0,0,0,0,0,0,0,0,0,0,0,0,0,0,0

//=============================================================
// 无限空间[副本]
//=============================================================
3384,MIN_PORING,无限波利,无限波利,100,25000,1,3600,2000,1,6,10,2,5,6,1,1,0,6,5,10,12,1,3,21,0x83,400,1872,672,480,0,0,0,0,0,0,0,6905,100,6905,1000,6905,10000,6905,200,6905,500,6905,50,6905,20,6905,10,0,0,0,0
3385,MIN_LUNATIC,无限疯兔,无限疯兔,100,25000,1,3600,2000,1,9,14,18,0,10,3,3,0,8,5,10,12,0,2,60,0x89,200,1456,456,336,0,0,0,0,0,0,0,705,6500,949,1000,2262,4,512,2000,507,600,515,1100,622,20,0,0,0,0,4006,1
3386,MIN_FABRE,无限绿棉虫,无限绿棉虫,100,25000,1,3600,2000,1,10,16,24,0,12,5,5,5,12,5,10,12,0,4,22,0x2000089,400,1672,672,480,0,0,0,0,0,0,0,914,6500,949,500,1502,80,721,5,511,700,705,1000,1501,200,0,0,0,0,4002,1
3387,MIN_PICKY,无限小鸡,无限小鸡,100,25000,1,3600,2000,1,14,23,21,3,14,9,10,0,10,3,10,12,0,2,23,0x89,200,988,288,168,0,0,0,0,0,0,0,916,9000,949,700,2302,150,507,550,519,300,715,50,0,0,0,0,0,0,4008,1
3388,MIN_CONDOR,无限秃鹰,无限秃鹰,101,40000,1,5400,30000,1,11,18,7,5,14,7,6,0,13,5,10,12,1,2,24,0x1089,150,1148,648,480,0,0,0,0,0,0,0,917,9000,1702,150,715,80,1750,5500,517,400,916,2000,582,600,0,0,0,0,4015,1
3389,MIN_WILOW,无限树精,无限树精,101,40000,1,5400,3000,1,10,17,38,2,13,3,8,5,12,5,10,12,1,3,22,0x89,200,1672,672,432,0,0,0,0,0,0,0,902,9000,1019,100,907,1500,516,700,1068,3500,1067,2000,1066,1000,0,0,0,0,4010,1
3390,MIN_SPORE,无限魔菇,无限魔菇,101,40000,1,5400,3000,1,20,33,12,10,15,5,10,0,12,0,10,12,1,3,21,0x89,200,1872,672,288,0,0,0,0,0,0,0,921,9000,507,800,510,50,743,10,2220,40,7033,5,578,600,19533,1,0,0,4022,1
3391,MIN_POPORING,无限波波利,无限波波利,101,40000,1,5400,3000,1,59,96,36,17,17,26,20,18,36,5,10,12,1,3,25,0x8B,300,1672,672,480,0,0,0,0,0,0,0,938,5500,910,1500,511,500,514,200,512,5,1207,5,512,250,0,0,0,0,4033,1
3392,MIN_SMOKIE,无限狸猫,无限狸猫,102,55000,1,7200,4000,1,56,91,26,0,16,34,16,5,27,5,10,12,0,2,22,0x99,200,1576,576,420,0,0,0,0,0,0,0,945,5500,919,5500,516,800,2213,1,754,2,912,5,729,2,0,0,0,0,4044,1
3393,MIN_DOKEBI,无限土人,无限土人,102,55000,1,7200,4000,1,266,433,85,20,52,56,35,20,66,25,10,12,0,6,27,0x2000099,250,1156,456,384,0,0,0,0,0,0,0,1021,9000,757,150,1517,2,1613,1,969,1,1501,300,1005,5,0,0,0,0,4098,1
3394,MIN_BIGFOOT,无限大脚熊,无限大脚熊,102,55000,1,7200,4000,1,40,65,55,7,18,4,7,0,12,0,10,12,2,2,22,0x99,300,1260,192,192,0,0,0,0,0,0,0,948,9000,2289,5,919,5000,740,80,516,1500,518,450,756,43,0,0,0,0,4074,1
3395,MIN_WORM_TAIL,无限森灵,无限森灵,102,55000,1,7200,4000,1,18,29,16,0,10,6,14,5,12,35,10,12,1,3,22,0x99,200,1048,48,192,0,0,0,0,0,0,0,993,60,1011,25,906,5500,1408,30,508,70,721,5,10015,100,0,0,0,0,4034,1
3396,MIN_WOLF,无限狼,无限狼,103,70000,1,90000,50000,1,64,104,55,3,27,24,30,15,33,5,10,12,1,2,22,0x1089,200,1054,504,432,0,0,0,0,0,0,0,1011,20,920,9000,2308,10,517,650,528,1050,919,5500,578,600,0,0,0,0,4029,1
3397,MIN_SNAKE,无限青蛇,无限青蛇,103,70000,1,90000,50000,1,18,30,9,8,10,8,18,10,14,15,10,12,1,2,22,0x89,200,1576,576,576,0,0,0,0,0,0,0,926,9000,1117,15,507,900,1011,35,937,800,954,1,578,600,0,0,0,0,4037,1
3398,MIN_ANACONDAQ,无限毒蛇,无限毒蛇,103,70000,1,90000,50000,1,403,655,92,0,79,46,28,43,67,25,10,12,1,2,25,0x99,200,1576,576,576,0,0,0,0,0,0,0,6247,200,937,9000,1455,10,926,1500,936,200,508,150,756,50,0,0,0,0,4062,1
3399,MIN_MARIN,无限冰波利,无限冰波利,104,85000,1,10800,6000,1,55,90,32,8,24,5,10,5,30,15,10,12,1,3,41,0x8B,400,1872,672,480,0,0,0,0,0,0,0,910,3200,938,1500,700,100,720,40,510,75,529,350,5035,1,0,0,0,0,4196,1
3400,MIN_MUKA,无限摩卡,无限摩卡,104,85000,1,10800,6000,1,53,86,28,0,18,9,28,5,43,5,10,12,2,3,22,0x89,300,1960,960,384,0,0,0,0,0,0,0,993,70,952,9000,713,2000,511,400,507,1000,1451,50,1002,250,0,0,0,0,4036,1
3401,MIN_PECOPECO,无限大嘴鸟,无限大嘴鸟,104,85000,1,10800,6000,1,61,99,48,0,21,10,13,5,28,5,10,12,2,2,23,0x1089,200,1564,864,576,0,0,0,0,0,0,0,925,9000,2402,20,508,200,507,900,1604,100,0,0,582,1000,0,0,0,0,4031,1
3402,MIN_DENIRO,无限兵蚁,无限兵蚁,105,100000,1,10800,6000,1,36,59,52,16,15,16,30,10,23,15,10,12,0,4,22,0x2001089,150,1288,288,576,0,0,0,0,0,0,0,955,9000,910,3000,938,1200,990,50,1001,8,1002,450,757,34,0,0,0,0,4043,1
3403,MIN_PIERE,无限工蚁,无限工蚁,105,100000,1,10800,6000,1,38,61,57,16,19,19,36,8,27,15,10,12,0,4,22,0x2001089,200,1288,288,576,0,0,0,0,0,0,0,955,9000,910,1100,938,600,992,30,1001,5,1002,400,757,31,0,0,0,0,4043,1
3404,MIN_ANDRE,无限白蚁,无限白蚁,105,100000,1,10800,6000,1,48,78,55,16,11,20,40,10,24,10,10,12,0,4,22,0x2001089,300,1288,288,384,0,0,0,0,0,0,0,955,9000,910,1000,938,500,993,50,1001,4,1002,350,757,28,0,0,0,0,4043,1
3405,MIN_GOLEM,无限巨石怪,无限巨石怪,106,115000,1,10800,6000,1,166,270,190,12,70,27,67,5,34,5,10,12,2,0,60,0x99,300,1608,816,396,0,0,0,0,0,0,0,999,150,953,9000,912,220,757,70,2146,5,715,200,998,350,0,0,0,0,4072,1
3406,MIN_SCORPION,无限蝎子,无限蝎子,106,115000,1,10800,6000,1,26,43,16,5,12,15,10,5,19,5,10,12,0,4,23,0x2003099,200,1564,864,576,0,0,0,0,0,0,0,990,70,904,5500,757,57,943,210,7041,100,508,200,625,20,0,0,0,0,4068,1
3407,MIN_CHONCHON,无限苍蝇,无限苍蝇,106,115000,1,10800,6000,1,9,14,27,0,13,4,4,0,8,5,10,12,0,4,24,0x2000089,200,1076,576,480,0,0,0,0,0,0,0,998,50,935,6500,909,1500,1205,55,601,100,742,5,1002,150,0,0,0,0,4009,1
3408,MIN_METALLER,无限重金属蝗虫,无限重金属蝗虫,107,130000,1,10800,6000,1,157,255,72,12,52,24,10,0,52,31,10,12,1,4,23,0x200108B,200,1708,1008,540,0,0,0,0,0,0,0,990,60,940,6500,911,400,757,49,707,20,935,3000,1914,10,0,0,0,0,4057,1
3409,MIN_SAND_MAN,无限泥人,无限泥人,107,130000,1,10800,6000,1,131,213,126,24,44,8,55,15,34,25,10,12,1,0,62,0x3885,250,1672,720,288,0,0,0,0,0,0,0,997,35,1056,5335,757,118,7043,350,1001,200,1257,1,1622,5,0,0,0,0,4101,1
3410,MIN_RAGGLER,无限奈吉鸟,无限奈吉鸟,107,130000,1,10800,6000,1,58,94,56,10,30,42,38,15,54,27,10,12,0,2,24,0x3695,200,1000,900,384,0,0,0,0,0,0,0,7053,3000,916,5000,645,200,514,200,992,90,2225,7,756,32,0,0,0,0,4186,1
3411,MIN_DRAGON_TAIL,无限刺尾蜻蜓,无限刺尾蜻蜓,108,145000,1,10800,6000,1,160,260,63,25,61,65,35,40,62,20,10,12,1,4,44,0x2003695,175,862,534,312,0,0,0,0,0,0,0,7064,4413,1096,400,943,800,2207,8,2226,2,601,300,602,150,0,0,0,0,4178,1
3412,MIN_GREEN_IGUANA,无限绿变色龙,无限绿变色龙,108,145000,1,10800,6000,1,117,190,96,18,58,42,22,5,50,17,10,12,1,2,42,0x8B,200,1152,1152,480,0,0,0,0,0,0,0,521,1500,903,1000,520,1000,511,1000,528,2000,606,10,6264,500,0,0,0,0,4377,1
3413,MIN_SEE_OTTER,无限海獭,无限海獭,108,145000,1,10800,6000,1,66,108,31,18,32,26,33,26,41,28,10,12,1,2,61,0x3885,190,1132,583,532,0,0,0,0,0,0,0,722,150,965,5500,7065,4365,725,50,726,50,746,650,7053,1200,0,0,0,0,4326,1
3414,MIN_GALAPAGO,无限啤酒企鹅,无限啤酒企鹅,109,160000,1,10800,6000,1,54,88,70,16,30,28,29,18,30,16,10,12,0,2,22,0x108B,165,1430,1080,1080,0,0,0,0,0,0,0,7053,5335,6263,500,508,3500,606,100,6264,500,5111,1,582,1000,0,0,0,0,4152,1
3415,MIN_FUR_SEAL,无限海豹宝宝,无限海豹宝宝,109,160000,1,10800,6000,1,70,113,42,16,37,40,30,39,35,19,10,12,1,2,21,0x3885,200,1612,622,583,0,0,0,0,0,0,0,912,4365,510,250,2310,5,7053,1200,1452,1,525,200,746,120,0,0,0,0,4312,1
3416,MIN_ALLIGATOR,无限鳄鱼人,无限鳄鱼人,109,160000,1,10800,6000,1,126,205,62,30,47,48,24,15,40,26,10,12,1,2,21,0x99,200,1100,900,480,0,0,0,0,0,0,0,912,1000,1099,600,7003,2000,608,50,0,0,0,0,756,129,0,0,0,0,4252,1
3417,MIN_MEGALODON,无限邪骸食人鱼,无限邪骸食人鱼,109,160000,1,10800,6000,1,94,152,52,28,35,24,30,28,29,15,10,12,1,1,29,0x89,200,2492,792,432,0,0,0,0,0,0,0,959,5500,932,1500,510,80,717,120,719,10,603,2,624,20,0,0,0,0,4067,1
3418,MIN_TRI_JOINT,无限三叶虫,无限三叶虫,110,175000,1,10800,6000,1,234,380,22,5,1,33,24,10,61,20,10,12,0,4,22,0x2003695,200,860,660,624,0,0,0,0,0,0,0,7053,100,943,380,606,200,993,160,1001,140,0,0,757,106,0,0,0,0,4308,1
3419,MIN_MEGALITH,无限邪恶摩艾,无限邪恶摩艾,110,175000,1,10800,6000,9,98,159,66,18,57,14,35,10,99,3,10,12,2,0,80,0x84,200,1332,1332,672,0,0,0,0,0,0,0,912,100,7049,1000,617,1,0,0,0,0,985,61,757,207,0,0,0,0,4200,1
3420,MIN_DRYAD,无限森林妖姬,无限森林妖姬,110,175000,1,10800,6000,3,223,363,153,8,54,14,40,35,74,10,10,12,1,3,82,0x3885,170,950,2520,576,0,0,0,0,0,0,0,7197,5335,7198,1000,7188,3000,6265,500,1964,1,7939,100,7100,3000,0,0,0,0,4177,1
3421,MIN_TOAD,无限蛙王,无限蛙王,105,900000,1,162,183,1,56,91,24,6,32,19,27,10,24,5,10,12,1,5,21,0x6203695,200,1236,336,432,0,0,0,0,0,0,0,2244,50,518,2000,729,1000,7938,500,970,100,971,100,5125,1000,0,0,0,0,4642,5
3422,MIN_VAGABOND_WOLF,无限流浪之狼,无限流浪之狼,105,900000,1,1706,2601,1,415,675,102,51,72,63,55,29,108,15,10,12,1,2,22,0x6203695,150,1048,648,432,0,0,0,0,0,0,0,2248,200,920,8000,728,1500,1148,100,2521,1000,7938,500,626,50,19598,20,0,0,4643,1
3423,MIN_VOCAL,无限蝗虫之王,无限蝗虫之王,105,900000,1,99,79,1,57,92,77,26,77,26,26,30,53,40,10,12,1,4,22,0x2003695,200,1080,648,480,0,0,0,0,0,0,0,2247,50,940,8000,721,1000,752,1500,2420,1000,7938,500,1917,10,0,0,0,0,4644,1
3424,MIN_ECLIPSE,无限蓝疯兔,无限蓝疯兔,105,900000,1,207,233,1,48,78,50,20,20,28,35,17,27,55,10,12,1,2,60,0x6203695,200,1456,456,336,0,0,0,0,0,0,0,2250,200,507,8000,727,1200,7938,500,706,30,622,50,2355,1000,0,0,0,0,4645,1
3425,MIN_CHIMERA,无限凯美拉,无限凯美拉,105,900000,1,5426,4698,1,823,1338,159,10,1,38,110,88,91,85,10,12,2,2,63,0x6203695,200,772,672,360,0,0,0,0,0,0,0,7054,5335,1048,2500,568,1000,1306,1,7295,1500,1364,1,984,160,0,0,0,0,4646,1
3426,MIN_EDDGA,无限虎王,无限虎王,110,9960000,1,207900,148500,1,1207,1962,166,70,92,80,103,66,139,85,10,12,2,2,23,0x6283695,300,872,1344,432,99000,1029,5000,1030,1000,994,3000,1133,150,2268,250,518,10000,1258,500,1030,250,985,2300,13046,100,1029,800,0,0,4648,1
3427,MIN_OSIRIS,无限俄塞里斯,无限俄塞里斯,110,9960000,1,245520,200880,1,1584,2574,172,164,97,99,86,131,165,67,10,12,1,1,89,0x6283695,100,1072,672,384,122760,603,4000,608,3000,751,500,617,2000,1232,150,2235,200,1255,600,1009,1000,5053,150,1285,100,0,0,0,0,4647,1
3428,MIN_PHREEONI,无限皮里恩,无限皮里恩,110,9960000,1,127600,180000,1,554,901,269,98,88,70,112,87,122,71,10,12,2,2,60,0x6283695,200,1020,1020,288,58000,1008,500,730,1000,1000,4000,1015,9700,1223,500,1236,150,1014,5000,2288,300,985,2900,13047,100,0,0,0,0,4649,1
3429,MIN_ORK_HERO,无限兽人英雄,无限兽人英雄,110,9960000,1,106920,97200,1,530,861,197,70,97,82,107,71,144,43,10,12,2,7,42,0x6283695,150,1678,780,648,53460,725,2000,607,1500,999,5000,968,9700,10018,500,1366,150,2106,250,1124,1000,985,4559,1387,100,0,0,0,0,4650,1
3430,MIN_TAO_GUNKA,无限塔奥群卡,无限塔奥群卡,110,9960000,1,1080000,720000,2,3006,4884,404,143,135,175,98,110,239,66,10,12,2,6,60,0x6283695,150,1020,288,144,450000,984,6000,617,3000,505,6000,7300,4850,7067,4850,728,1000,2296,400,504,3000,12738,200,2231,5,16039,1000,0,0,4651,1
3431,MIN_G_RODA_FROG,无限罗达蛙,无限罗达蛙,105,175000,1,0,0,1,19,23,12,5,12,6,4,0,14,9,10,12,1,5,21,0x81,200,2016,816,288,0,0,0,0,0,0,0,0,0,0,0,0,0,0,0,0,0,0,0,0,0,0,0,0,0,0,0
3432,MIN_G_WOLF,无限狼,无限狼,105,175000,1,0,0,1,80,91,55,3,27,24,30,15,33,5,10,12,1,2,22,0x1089,200,1054,504,432,0,0,0,0,0,0,0,0,0,0,0,0,0,0,0,0,0,0,0,0,0,0,0,0,0,0,0
3433,MIN_G_ROCKER,无限蝗虫,无限蝗虫,105,175000,1,0,0,1,19,24,16,3,12,18,8,10,17,5,10,12,1,4,22,0x2000081,200,1864,864,540,0,0,0,0,0,0,0,0,0,0,0,0,0,0,0,0,0,0,0,0,0,0,0,0,0,0,0
3434,MIN_G_LUNATIC,无限疯兔,无限疯兔,105,175000,1,0,0,1,11,12,18,0,10,3,3,0,8,5,10,12,0,2,60,0x81,200,1456,456,336,0,0,0,0,0,0,0,0,0,0,0,0,0,0,0,0,0,0,0,0,0,0,0,0,0,0,0
3435,MIN_G_GARGOYLE,无限蝙蝠弓箭手,无限蝙蝠弓箭手,105,175000,1,0,0,9,383,472,98,43,100,61,60,57,100,70,10,12,1,6,64,0x2002085,200,1020,720,384,0,0,0,0,0,0,0,0,0,0,0,0,0,0,0,0,0,0,0,0,0,0,0,0,0,0,0
3436,MIN_G_BIGFOOT,无限大脚熊,无限大脚熊,105,175000,1,0,0,1,50,62,55,7,18,4,7,0,12,0,10,12,2,2,22,0x91,300,1260,192,192,0,0,0,0,0,0,0,0,0,0,0,0,0,0,0,0,0,0,0,0,0,0,0,0,0,0,0
3437,MIN_G_ANCIENT_MUMMY,无限狂暴木乃伊,无限狂暴木乃伊,105,175000,1,0,0,1,701,901,93,51,126,57,55,69,112,15,10,12,1,1,49,0x3695,175,1772,120,384,0,0,0,0,0,0,0,0,0,0,0,0,0,0,0,0,0,0,0,0,0,0,0,0,0,0,0
3438,MIN_G_SAND_MAN,无限泥人,无限泥人,105,175000,1,0,0,1,156,212,126,24,44,8,55,15,31,25,10,12,1,0,62,0x3885,250,1672,720,288,0,0,0,0,0,0,0,0,0,0,0,0,0,0,0,0,0,0,0,0,0,0,0,0,0,0,0
3439,MIN_G_HIGH_ORC,无限兽人战士长,无限兽人战士长,105,175000,1,0,0,1,389,439,101,45,75,16,40,31,69,20,10,12,2,7,43,0x3695,150,1500,500,1000,0,0,0,0,0,0,0,0,0,0,0,0,0,0,0,0,0,0,0,0,0,0,0,0,0,0,0
3440,MIN_G_MEGALITH,无限邪恶摩艾,无限邪恶摩艾,105,175000,1,0,0,9,116,146,66,18,57,14,35,10,90,3,10,12,2,0,80,0x84,200,1332,1332,672,0,0,0,0,0,0,0,0,0,0,0,0,0,0,0,0,0,0,0,0,0,0,0,0,0,0,0

//=============================================================
// 仪式之间[副本]
//=============================================================
3445,P_ARCHER_SKELETON,强化邪骸弓箭手,强化邪骸弓箭手,114,10000,1,12250,13345,9,810,1316,20,0,75,133,56,45,212,12,10,12,1,1,69,0x85,200,912,864,576,0,0,0,0,0,0,0,7005,4500,6942,500,12013,500,0,0,0,0,0,0,0,0,0,0,0,0,0,0
3446,P_SKELETON,强化邪骸战士,强化邪骸战士,114,10000,1,13375,14560,1,860,1398,20,20,122,56,99,17,146,32,10,12,1,1,69,0x85,150,864,528,576,0,0,0,0,0,0,0,7005,4500,6942,500,0,0,0,0,0,0,0,0,0,0,0,0,0,0,0,0
3447,P_SOLDIER_SKELETON,强化邪骸士兵,强化邪骸士兵,115,20000,1,22456,12455,1,1320,2145,20,20,116,155,32,46,145,12,10,12,1,1,69,0x85,150,762,576,432,0,0,0,0,0,0,0,7005,4500,6942,500,0,0,0,0,0,0,0,0,0,0,0,0,0,0,0,0
3448,P_AMDARAIS,强化暗达莱斯,强化暗达莱斯,99,9990000,1,1276520,3154220,1,1216,1976,30,30,127,56,112,23,175,56,10,12,2,1,29,0x2003695,150,912,1152,576,0,0,0,0,0,0,0,6244,4500,0,0,0,0,0,0,0,0,0,0,0,0,0,0,0,0,0,0
3449,G_P_AMDARAIS,强化暗达莱斯,强化暗达莱斯,98,66666,1,24150,26711,1,960,1560,30,30,100,56,75,22,85,12,10,12,2,1,29,0x85,200,912,1152,576,0,0,0,0,0,0,0,0,0,0,0,0,0,0,0,0,0,0,0,0,0,0,0,0,0,0,0
3450,BIJOU,毕尤,毕尤,115,9990000,1,1276520,3154220,1,1216,1976,20,200,127,56,112,23,175,56,10,12,2,1,89,0x6283695,150,912,1152,576,800000,617,5500,617,5000,616,2000,6941,5000,748,500,983,1000,20288,10,1814,500,0,0,0,0,0,0,0,0,4636,1

//=============================================================
// 入侵空中要塞[副本]
//=============================================================
3473,AS_RAGGED_GOLEM,史蒂芬・杰克・欧内斯特・魔狼,史蒂芬・杰克・欧内斯特・魔狼,160,20000000,1,3230000,3400000,2,9150,14868,146,30,343,171,122,61,301,16,10,12,2,1,29,0x628B095,150,1012,384,288,1800000,607,5500,616,3000,617,1500,21018,20,2027,20,28010,20,608,2600,984,1600,985,1700,607,500,6960,10000,0,0,31026,1
3474,AS_BLOODY_KNIGHT,不朽的诅咒骑士,不朽的诅咒骑士,160,7000000,1,0,0,3,6147,9989,178,48,275,62,98,45,246,62,10,12,2,0,47,0x6203695,200,828,528,192,0,0,0,0,0,0,0,616,300,984,1500,985,1500,607,200,608,2200,21018,20,0,0,0,0,0,0,31024,1
3475,AS_WIND_GHOST,不朽的风魔巫师,不朽的风魔巫师,160,7000000,1,0,0,2,1947,3164,136,72,177,108,62,244,273,62,10,12,0,6,44,0x6203695,150,1096,1056,336,0,0,0,0,0,0,0,616,300,984,1500,985,1500,607,200,608,2200,2027,20,0,0,0,0,0,0,31025,1
3476,AS_ZOMBIE,不朽的腐尸,不朽的腐尸,155,476000,1,19935,17682,1,2986,4852,66,20,109,26,35,12,139,20,10,12,1,1,29,0x3885,400,2612,912,288,0,0,0,0,0,0,0,0,0,0,0,0,0,0,0,0,0,0,0,0,0,0,0,0,0,0,0
3477,AS_IMMOTAL_CORPS,不朽的要塞士兵,不朽的要塞士兵,156,426000,1,27582,24672,1,1821,2959,112,36,172,108,46,67,244,62,10,12,1,6,27,0x3695,200,768,768,576,0,0,0,0,0,0,0,6960,10,7568,1500,0,0,0,0,0,0,0,0,0,0,0,0,0,0,0,0
3478,AS_ZOMBIE_SLAUGHTER,不朽的屠戮者,不朽的屠戮者,156,395000,1,22346,17988,1,2783,4523,120,67,156,76,49,26,221,17,10,12,1,1,69,0x3695,200,676,648,432,0,0,0,0,0,0,0,6960,10,934,2200,0,0,0,0,0,0,0,0,0,0,0,0,0,0,0,0
3479,AS_ZOMBIE_MASTER,不朽的腐尸首领,不朽的腐尸首领,158,527900,1,26532,27998,1,2994,4865,112,58,112,64,56,23,220,17,10,12,1,1,29,0x3695,175,2612,912,288,0,0,0,0,0,0,0,6960,10,934,1700,0,0,0,0,0,0,0,0,0,0,0,0,0,0,0,0
3480,AS_CURSED_SOLDIER,不朽的诅咒士兵,不朽的诅咒士兵,155,442000,1,19513,20212,7,2181,3544,56,23,144,56,99,28,235,20,10,12,1,1,69,0x3685,300,1268,576,420,0,0,0,0,0,0,0,6960,10,934,1500,0,0,0,0,0,0,0,0,0,0,0,0,0,0,0,0
3481,AS_EVIL_SHADOW1,要塞邪恶之影,要塞邪恶之影,156,489700,1,20600,20450,1,2434,3955,42,42,116,115,56,62,242,62,10,12,2,6,47,0x85,200,500,420,288,0,0,0,0,0,0,0,6960,10,7568,1500,0,0,0,0,0,0,0,0,0,0,0,0,0,0,0,0
3482,AS_EVIL_SHADOW2,要塞邪恶之影,要塞邪恶之影,157,545700,1,22100,19500,1,2236,3634,152,47,121,108,42,108,266,27,10,12,2,6,47,0x85,150,600,420,288,0,0,0,0,0,0,0,6960,10,7568,1500,0,0,0,0,0,0,0,0,0,0,0,0,0,0,0,0
3483,AS_EVIL_SHADOW3,要塞邪恶之影,要塞邪恶之影,159,153400,1,25600,24800,1,3810,6191,166,76,135,142,76,156,254,32,10,12,2,6,47,0x85,200,1176,420,288,0,0,0,0,0,0,0,6960,10,7568,1500,0,0,0,0,0,0,0,0,0,0,0,0,0,0,0,0
3484,AS_D_RAGGED_GOLEM,史蒂芬・杰克・欧内斯特・魔狼,史蒂芬・杰克・欧内斯特・魔狼,160,20000000,1,0,0,2,8189,13307,146,30,343,171,122,61,301,16,10,12,2,1,29,0x620B695,100,1012,384,288,0,0,0,0,0,0,0,0,0,0,0,0,0,0,0,0,0,0,0,0,0,0,0,0,0,0,0
3485,AS_D_CURSED_SOLDIER,不朽的诅咒士兵,不朽的诅咒士兵,155,442000,1,0,0,7,2181,3544,56,23,144,56,99,28,235,20,10,12,1,1,69,0x3685,300,1268,576,420,0,0,0,0,0,0,0,0,0,0,0,0,0,0,0,0,0,0,0,0,0,0,0,0,0,0,0

//=============================================================
// 正午的弦月[副本]
//=============================================================
3518,POPE_MD_H_GUARD,神殿警卫兵,神殿警卫兵,130,165000,1,7938,7702,1,915,1254,98,47,111,63,51,37,132,45,10,12,1,7,40,0x3885,200,768,360,432,0,0,0,0,0,0,0,7157,2000,6508,1500,645,50,0,0,0,0,0,0,0,0,0,0,0,0,0,0
3519,POPE_MD_H_BELIEVER_1,愤怒的信徒,愤怒的信徒,133,137500,1,7933,6949,1,892,1231,105,50,90,65,43,82,127,75,10,12,1,7,40,0x3885,300,768,360,432,0,0,0,0,0,0,0,504,1000,7568,2500,7449,500,7561,1000,645,50,0,0,0,0,0,0,0,0,0,0
3520,POPE_MD_H_BELIEVER_2,狂怒的信徒,狂怒的信徒,134,145000,1,7240,6430,1,893,1228,108,55,109,70,55,60,111,54,10,12,1,7,40,0x3885,250,768,360,360,0,0,0,0,0,0,0,504,1000,7568,2500,7752,1000,1039,500,645,50,0,0,0,0,0,0,0,0,0,0
3521,POPE_MD_H_DOG,变异狗,变异狗,136,150000,1,7565,6923,1,948,1307,130,60,114,56,59,82,77,54,10,12,1,2,43,0x2003695,140,824,432,360,0,0,0,0,0,0,0,7122,3000,1063,4000,0,0,0,0,0,0,0,0,0,0,0,0,0,0,0,0
3522,POPE_MD_H_BISHOP,愤怒的大神官,愤怒的大神官,140,375000,1,9601,9298,1,1300,1800,112,80,120,69,72,55,110,44,10,12,1,7,60,0x6203695,150,768,384,288,0,0,0,0,0,0,0,25088,10000,0,0,0,0,0,0,0,0,0,0,0,0,0,0,0,0,0,0
3523,POPE_MD_H_ICICLE,冰封的心,冰封的心,130,75000,1,0,0,3,641,862,2,10,99,1,1,1,194,1,10,12,0,0,41,0x84,2000,1344,0,0,0,0,0,0,0,0,0,0,0,0,0,0,0,0,0,0,0,0,0,0,0,0,0,0,0,0,0
3524,POPE_MD_H_LUWMIN,愤怒的卢敏,愤怒的卢敏,140,825000,1,22000,20000,1,1282,1724,120,100,80,110,51,145,130,52,10,12,1,7,60,0x6203695,150,768,384,288,0,0,0,0,0,0,0,25088,10000,23027,2000,28387,2000,0,0,0,0,0,0,0,0,0,0,0,0,0,0
3525,POPE_MD_H_TITAN,冰巨人,冰巨人,130,105000,1,0,0,1,837,935,344,11,133,54,78,33,177,26,10,12,2,0,61,0x3295,250,861,660,144,0,0,0,0,0,0,0,0,1,0,0,0,0,0,0,0,0,0,0,0,0,0,0,0,0,0,0
3526,POPE_MD_H_KTULLANUX,寒冰龙的幻影,寒冰龙的幻影,141,1500000,1,139226,124563,3,3186,4867,120,100,85,126,30,125,212,112,10,12,2,2,61,0x6203695,400,432,840,216,0,607,5500,617,5000,617,5000,7562,9000,616,3000,617,5000,23027,3000,23063,3000,28387,3000,0,0,0,0,0,0,0,0

//=============================================================
// 中枢室[副本]
//=============================================================
3621,EP16_2_MM_CUTIE,小可爱,小可爱,120,3500000,1,600000,600000,2,2031,3534,220,150,121,165,135,99,152,113,10,12,2,2,67,0x6283695,150,576,600,240,600000,603,5000,607,5500,617,5500,7444,5000,28913,100,0,0,0,0,0,0,0,0,0,0,0,0,0,0,0,0
3622,EP16_2_MM_S_GUARDS,特种警卫兵,特种警卫兵,100,21914,1,240,220,1,915,1254,80,90,111,63,51,37,132,45,10,12,1,7,23,0x3885,200,768,360,432,0,0,0,0,0,0,0,0,0,0,0,0,0,0,0,0,0,0,0,0,0,0,0,0,0,0,0

//=============================================================
// 猎心者基地外围[副本]
//=============================================================
3626,EP16_2_H_HUNTER_V,猎心者卫兵,猎心者卫兵,105,41428,1,7350,7500,1,915,1254,73,42,111,63,51,37,132,45,10,12,1,7,47,0x3885,200,768,360,432,0,0,0,0,0,0,0,0,0,0,0,0,0,0,0,0,0,0,0,0,0,0,0,0,0,0,0
3627,EP16_2_H_HUNTER_MD,强化猎心者,强化猎心者,110,51785,1,8820,9000,1,915,1254,172,98,111,63,51,37,132,45,10,12,1,7,47,0x3885,200,768,360,432,0,0,0,0,0,0,0,0,0,0,0,0,0,0,0,0,0,0,0,0,0,0,0,0,0,0,0
3628,EP16_2_H_HUNTER_EV,猎心者 艾薇,猎心者 艾薇,110,2800000,1,399999,399999,1,1216,1976,100,100,127,56,112,23,175,56,10,12,2,1,47,0x6283695,150,912,1152,576,400000,0,0,0,0,0,0,13460,100,13461,100,13462,100,0,0,0,0,0,0,0,0,0,0,0,0,0,0

//=============================================================
// 新怪物模型
//=============================================================
3636,LITTLE_ISIS,小蛇女伊丝,小蛇女伊丝,59,2092,1,531,597,1,192,229,83,5,58,43,22,5,39,15,10,12,2,6,27,0x2003095,200,1384,768,336,0,0,0,0,0,0,0,0,0,0,0,0,0,0,0,0,0,0,0,0,0,0,0,0,0,0,0
3670,DELETER_2,七彩地龙,七彩地龙,105,10000,1,2099,1574,1,510,621,114,53,98,65,49,72,57,73,10,12,1,9,43,0x308D,175,1024,624,336,0,0,0,0,0,0,0,0,0,0,0,0,0,0,0,0,0,0,0,0,0,0,0,0,0,0,0

//=============================================================
// [自定义] 波利村的灾难[副本]
//=============================================================
2538,E_KING_PORING,君王波利,君王波利,10,1000,1,5000,5000,1,100,200,10,10,10,10,10,10,10,10,10,12,2,0,20,0x6203695,100,1500,500,1000,0,0,0,0,0,0,0,22777,2,2345,2,2347,2,2351,2,2349,2,18785,1,19587,1,6646,5,0,0,0,0
