//=============================================================
// 元素精灵数据库（公共库）
//=============================================================
//
// 数据结构:
// ID,Sprite_Name,Name,LV,HP,SP,Range1,ATK1,ATK2,DEF,MDEF,STR,AGI,VIT,INT,DEX,LUK,Range2,Range3,Scale,Race,Element,Speed,aDelay,aMotion,dMotion
//
// Notes:
// Summoned Elementals STATs are affected by the Casters Base Level and STATs.
// In other words, all values specified will be added to (and will not override) the calculated STATs of the summoned elemental.
//
//====================== 以下内容为正文 =======================

// Monster Elementals
2114,EL_AGNI_S,阿格尼 初级型态,100,0,1,1,0,0,0,0,0,0,0,0,0,0,5,12,0,0,83,200,504,1020,360
2115,EL_AGNI_M,阿格尼 中级型态,100,0,1,1,0,0,0,0,0,0,0,0,0,0,5,12,1,0,83,200,504,1020,360
2116,EL_AGNI_L,阿格尼 高级型态,100,0,1,1,0,0,0,0,0,0,0,0,0,0,5,12,2,0,83,200,504,1020,360

2117,EL_AQUA_S,阿库亚 初级型态,100,0,1,1,0,0,0,0,0,0,0,0,0,0,5,12,0,0,81,200,504,1020,360
2118,EL_AQUA_M,阿库亚 中级型态,100,0,1,1,0,0,0,0,0,0,0,0,0,0,5,12,1,0,81,200,504,1020,360
2119,EL_AQUA_L,阿库亚 高级型态,100,0,1,1,0,0,0,0,1,1,1,1,1,1,5,12,2,0,81,200,504,1020,360

2120,EL_VENTUS_S,梵图斯 初级型态,100,0,1,1,0,0,0,0,0,0,0,0,0,0,5,12,0,0,84,200,504,1020,360
2121,EL_VENTUS_M,梵图斯 中级型态,100,0,1,1,0,0,0,0,0,0,0,0,0,0,5,12,1,0,84,200,504,1020,360
2122,EL_VENTUS_L,梵图斯 高级型态,100,0,1,1,0,0,0,0,0,0,0,0,0,0,5,12,2,0,84,200,504,1020,360

2123,EL_TERA_S,泰拉 初级型态,100,0,1,1,0,0,0,0,0,0,0,0,0,0,5,12,0,0,82,200,504,1020,360
2124,EL_TERA_M,泰拉 中级型态,100,0,1,1,0,0,0,0,0,0,0,0,0,0,5,12,1,0,82,200,504,1020,360
2125,EL_TERA_L,泰拉 高级型态,100,0,1,1,0,0,0,0,0,0,0,0,0,0,5,12,2,0,82,200,504,1020,360
