//=============================================================
// 经验数据库（复兴后）
//=============================================================
// Only official levels included, check db/import-tmpl/job_exp.txt for an expanded list
//
// 数据库结构:
// Max Level,Class list,Type,Exp for Lv 1,2,3,4,5,6,7,8,9,10,11,12,13,14,15,16,17,18,19,20,21,22,23,24,25,26,27,28,29,30,31,32,33,34,35,36,37,38,39,40,41,42,43,44,45,46,47,48,49,50,51,52,53,54,55,56,57,58,59,60,61,62,63,64,65,66,67,68,69,70,71,72,73,74,75,76,77,78,79,80,81,82,83,84,85,86,87,88,89,90,91,92,93,94,95,96,97,98,99,100,101,102,103,104,105,106,107,108,109,110,111,112,113,114,115,116,117,118,119,120,121,122,123,124,125,126,127,128,129,130,131,132,133,134,135,136,137,138,139,140,141,142,143,144,145,146,147,148,149,150,151,152,153,154,155,156,157,158,159,160,161,162,163,164,165,166,167,168,169,170,171,172,173,174,175
//
// Type:
//	0 = Base Exp, 1 = Job Exp

//Base - Normal and Baby Jobs
99,0:1:2:3:4:5:6:7:8:9:10:11:12:13:14:15:16:17:18:19:20:21:23:24:25:4023:4024:4025:4026:4027:4028:4029:4030:4031:4032:4033:4034:4035:4036:4037:4038:4039:4040:4041:4042:4043:4044:4045:4046:4047:4048:4049:4050:4051:4052:4222:4225:4226:4227:4228:4238,0,550,900,1500,2200,3200,3800,4200,4550,5000,5500,6000,6100,6350,6700,7350,8000,8400,8800,9200,9700,10300,11000,11800,13000,14000,15000,16000,17000,18000,19000,20000,21000,22000,23200,24000,26000,27500,29000,30000,31500,33000,34000,36000,37500,38000,40000,42000,44500,47000,49000,51000,53000,55000,57000,59000,61500,63000,65000,67000,69000,70000,73000,77000,80000,84000,88000,91000,95000,110000,128000,140000,155000,163000,170000,180000,188000,195000,200000,230000,260000,300000,350000,400000,480000,550000,600000,680000,750000,900000,1000000,1200000,1500000,1800000,2100000,2400000,2800000,3300000,4000000,5000000

//Base - Adv Jobs
99,4001:4002:4003:4004:4005:4006:4007:4008:4009:4010:4011:4012:4013:4014:4015:4016:4017:4018:4019:4020:4021:4022,0,660,1080,1800,2640,3840,4560,5040,5460,6000,6600,7200,7320,7620,8040,8820,9600,10080,10560,11040,12610,13390,14300,15340,16900,18460,19500,20800,22100,23400,24700,26000,27300,28600,30160,31200,33800,35750,37700,39000,44100,46200,47600,50400,52500,53200,56000,58800,62300,65800,68600,71400,74200,77000,79800,82600,86100,88200,91000,93800,103500,105000,109500,115500,120000,126000,132000,136500,142500,165000,192000,210000,232500,244500,255000,270000,282000,292500,300000,345000,416000,480000,560000,640000,768000,880000,960000,1088000,1200000,1440000,1700000,2040000,2550000,3060000,3570000,4080000,4760000,5610000,6800000,7000000

//Base - 3rd Jobs, Baby 3rds, Oboro/Kagerou, Rebellion, Summoner, Star Emperor, Soul Reaper
//Note: (First 98 values [Level 1 - 98] are only used by Summoner Class, because 3rd classes start at level 99.)
175,4054:4055:4056:4057:4058:4059:4060:4061:4062:4063:4064:4065:4066:4067:4068:4069:4070:4071:4072:4073:4074:4075:4076:4077:4078:4079:4080:4081:4082:4083:4084:4085:4086:4087:4096:4097:4098:4099:4100:4101:4102:4103:4104:4105:4106:4107:4108:4109:4110:4111:4112:4211:4212:4215:4218:4220:4223:4224:4229:4239:4240:4241:4242:4243:4244,0,55,90,150,220,320,380,420,455,500,600,700,800,900,1000,1100,1200,1300,1400,1500,1800,2100,2400,2700,3000,3300,3600,3900,4200,4500,5400,6300,7200,8100,9000,9900,10800,11700,12600,13500,16200,18900,21600,24300,27000,29700,32400,35100,37800,40500,43200,45900,48600,51300,54000,56700,59400,62100,64800,67500,75600,83700,91800,99900,108000,116100,124200,132300,140400,165000,192000,210000,232500,244500,255000,270000,282000,292500,300000,345000,416000,480000,560000,640000,768000,880000,960000,1088000,1200000,1440000,1700000,2040000,2550000,3060000,3570000,4080000,4760000,5610000,6800000,7070000,7282100,7427742,7576297,7727823,7882379,8040027,8200827,8364844,8532141,8702784,8876839,9054376,9235464,9420173,9608576,9800748,9996763,10196698,10400632,10608645,10820818,11361859,11929952,12526449,13152772,13810411,14500931,15225978,15987276,16786640,17625972,18507271,19432634,20404266,21424479,22495703,23620489,24801513,26041589,27343668,28710852,30146394,31653714,33236400,34898220,36643130,38475287,40399051,42419004,44539954,46766952,49105299,51560564,54138593,56845522,59687798,62672188,65805798,69096088,72550892,76178437,79987358,83986726,88186063,92595366,97225134,102086391,107190710,112550246,118177758,124086646,130290978,136805527,143645804,150828094,158369498

//Base - Expanded Super Novice & Expanded Super Baby
160,4190:4191,0,660,1080,1800,2640,3840,4560,5040,5460,6000,6600,7200,7320,7620,8040,8820,9600,10080,10560,11040,12610,13390,14300,15340,16900,18460,19500,20800,22100,23400,24700,26000,27300,28600,30160,31200,33800,35750,37700,39000,44100,46200,47600,50400,52500,53200,56000,58800,62300,65800,68600,71400,74200,77000,79800,82600,86100,88200,91000,93800,103500,105000,109500,115500,120000,126000,132000,136500,142500,165000,192000,210000,232500,244500,255000,270000,282000,292500,300000,345000,416000,480000,560000,640000,768000,880000,960000,1088000,1200000,1440000,1700000,2040000,2550000,3060000,3570000,4080000,4760000,5610000,6800000,7070000,7282100,7500563,7725580,7957347,8196068,8441950,8695208,8956064,9224746,9501489,9786533,10080129,10382533,10694009,11014830,11345275,11685633,12036202,12397288,12769206,13152283,13809897,14500392,15225412,15986682,16786016,17625317,18506583,19431912,20403508,21423683,22494867,23619611,24800591,26040621,27342652,28709784,30145274,31652537,33235164,34896922,36641768,38473857,40397550,42417427,44538299,46765213,49103474,51558648,54136580,56843409,59685580,62669859,65803352,69093519,72548195,76175605,79984385,83983604,88182785,92591924,97221520,102082596,107186726,112546062,118173365,124082034,130286135,136800442,143640464,150822487,158363612,166281792,174595882,183325676,192491960

//Job - Novice & Baby Novice
10,0:4023,1,10,18,28,40,91,151,205,268,340,999999999

//Job - 1st Classes & Baby 1st Classes, Taekwon
50,1:2:3:4:5:6:4024:4025:4026:4027:4028:4029:4046:4050:4225,1,60,130,260,460,780,1060,1300,1560,1910,2290,2680,2990,3340,3740,4360,4970,5530,6120,6700,8090,8920,9970,11080,12690,14440,15850,17400,19220,21060,22870,24910,26840,29080,31320,33300,37110,40500,43570,46180,53510,57200,60310,65690,70090,72130,77540,83320,90120,97180,999999999

//Job - 2nd Classes & Baby 2nd Classes, Soul Linker
50,7:8:9:10:11:12:13:14:15:16:17:18:19:20:21:4030:4031:4032:4033:4034:4035:4036:4037:4038:4039:4040:4041:4042:4043:4044:4049:4051:4052:4227,1,60,130,260,460,780,1060,1300,1560,1910,2290,2680,2990,3340,3740,4360,4970,5530,6120,6700,8090,8920,9970,11080,12690,14440,15850,17400,19220,21060,22870,24910,26840,29080,31320,33300,37110,40500,43570,46180,53510,57200,60310,65690,70090,72130,77540,83320,90120,97180,999999999

//Job - Novice High
10,4001,1,11,20,31,44,100,166,226,295,374,999999999

//Job - Adv First Classes
50,4002:4003:4004:4005:4006:4007,1,60,130,260,460,780,1060,1300,1560,1910,2500,4200,7000,10300,15900,18900,20900,22600,24900,28800,31500,34900,38300,41700,45100,48500,51900,55000,72000,89000,106000,112000,136200,150000,171400,181000,193200,205200,217200,239400,252000,264600,277200,292200,315000,341200,360800,380600,393600,429800,450400

//Job - Adv Second Classes
70,4008:4009:4010:4011:4012:4013:4014:4015:4016:4017:4018:4019:4020:4021:4022,1,1120,1232,1355,1491,1640,1804,1984,2183,2401,2641,2905,3195,3515,3867,4253,4679,5146,5661,6227,6850,7535,8288,9117,10029,11032,12135,13348,14683,16152,17767,19543,21498,23647,26012,28613,31475,34622,38084,41893,46082,50690,55759,61335,67469,74216,81637,89801,98781,108659,119525,131478,144626,159088,174997,192497,211746,232921,256213,281834,310018,341019,375121,412634,453897,499287,549215,604137,664550,731005,804106

//Job - 3rd Jobs & Baby 3rds, Oboro/Kagerou, Rebellion, Star Emperor, Soul Reaper
99,4054:4055:4056:4057:4058:4059:4060:4061:4062:4063:4064:4065:4066:4067:4068:4069:4070:4071:4072:4073:4074:4075:4076:4077:4078:4079:4080:4081:4082:4083:4084:4085:4086:4087:4096:4097:4098:4099:4100:4101:4102:4103:4104:4105:4106:4107:4108:4109:4110:4111:4112:4211:4212:4215:4223:4224:4229:4239:4240:4241:4242:4243:4244,1,60,130,260,460,780,1060,1300,1560,1910,2290,2680,2990,3340,3740,4360,4970,5530,6120,6700,8090,8920,9970,11080,12690,14440,15850,17400,19220,21060,22870,24910,26840,29080,31320,33300,37110,40500,43570,46180,53510,57200,60310,65690,70090,72130,77540,83320,90120,97180,590120,600120,610120,620120,630120,640120,650120,660120,670120,680120,690120,700120,710120,720120,730120,740120,750120,760120,770120,780120,790120,948144,1137773,1365327,1638393,1966071,2359286,2831143,3397371,4076846,4892215,5870658,7044789,8453747,10144497,12173396,14608075,17529690,21035628,25242754,30291304,36349565,43619478,52343374,62812049,75374459,90449350,108539221,130247065,156296478

//Job - Expanded Super Novice & Expanded Super Baby
50,4190:4191,1,60,130,260,460,780,1060,1300,1560,1910,2500,4200,7000,10300,15900,18900,20900,22600,24900,28800,31500,34900,38300,41700,45100,48500,51900,55000,72000,89000,106000,112000,136200,150000,171400,181000,193200,205200,217200,239400,252000,264600,277200,292200,315000,341200,360800,380600,393600,429800,450400

//Job - Ninja/Gunslinger
70,24:25:4222:4228,1,200,300,400,600,700,1000,1200,1400,1700,1900,2400,2700,3200,3600,4200,4900,5500,6100,6900,7700,8400,9300,10100,11100,12100,13000,14600,16100,17500,18600,21500,23300,24700,27000,29000,30000,32400,35000,38100,41100,44000,46700,49600,52500,55600,58900,62700,65500,69200,72300,81200,84100,89300,95500,100900,107800,114900,120700,128600,150500,176900,196100,219600,234200,247900,266400,281300,296600,308000,400000

//Job - Star Gladiator
50,4047:4048:4226:4238,1,60,130,260,460,780,1060,1300,1560,1910,2500,4200,7000,10300,15900,18900,20900,22600,24900,28800,31500,34900,38300,41700,45100,48500,51900,55000,72000,89000,106000,112000,136200,150000,171400,181000,193200,205200,217200,239400,252000,264600,277200,292200,315000,341200,360800,380600,393600,429800,450400

//Job - Super Novice & Baby Super Novice
99,23:4045,1,60,130,260,460,780,1060,1300,1560,1910,2290,2680,2990,3340,3740,4360,4970,5530,6120,6700,8090,8920,9970,11080,12690,14440,15850,17400,19220,21060,22870,24910,26840,29080,31320,33300,37110,40500,43570,46180,53510,57200,60310,65690,70090,72130,77540,83320,90120,97180,590120,600120,610120,620120,630120,640120,650120,660120,670120,680120,690120,700120,710120,720120,730120,740120,750120,760120,770120,780120,790120,948144,1137773,1365327,1638393,1966071,2359286,2831143,3397371,4076846,4892215,5870658,7044789,8453747,10144497,12173396,14608075,17529690,21035628,25242754,30291304,36349565,43619478,52343374,62812049,75374459,90449350,108539221,130247065,156296478

//Job - Summoner
50,4218:4220,1,60,130,260,460,780,1060,1300,1560,1910,2500,4200,7000,10300,15900,18900,20900,22600,24900,28800,31500,34900,38300,41700,45100,48500,51900,55000,72000,89000,106000,112000,136200,150000,171400,181000,193200,205200,217200,239400,252000,264600,277200,292200,315000,341200,360800,380600,393600,429800,450400
