48
51
54
57
60
64
68
72
76
80
85
90
95
100
105
111
117
123
129
135
142
149
156
163
170
178
186
194
202
210
219
228
237
246
255
265
275
285
295
305
316
327
338
349
360
372
384
396
408
420
433
446
459
472
485
499
513
527
541
555
570
585
600
615
630
646
662
678
694
710
727
744
761
778
795
813
831
849
867
885
904
923
942
961
980
1000
1020
1040
1060
1080
1101
1122
1143
1164
1185
1207
1229
1251
1377 
1467 
1558 
1649 
1740 
1831 
1922 
2013 
2104 
2195 
2286 
2377 
2469 
2561 
2653 
2745 
2837 
2929 
3021 
3113 
3205 
3297 
3390 
3483 
3576 
3669 
3762 
3855 
3948 
4041 
4134 
4227 
4321 
4415 
4509 
4603 
4697 
4791 
4885 
4979 
5073 
5167 
5262 
5357 
5452 
5547 
5642 
5737 
5832 
5927 
6022 
6117 
6213 
6309 
6405 
6501 
6597 
6693 
6789 
6886 
6983 
7080 
7177 
7274 
7371 
7468 
7566 
7664 
7762 
7860 
7958 
8056 
8154 
8253 
8352 
8451 
8550 
8635 
8733 
8831 
8929 
9027 
9126 
9225 
9324 
9423 
9522 
9621 
9720 
9819 
9918 
10017 
10117 
10217 
10317 
10417 
10517 
10617 
10717 
10817 
10917 
11017 
11118 
11219 
11290 
11421 
11522 
11623 
11724 
11825 
11926 
12027 
12129 
12231 
12333 
12435 
12537 
12639 
12741 
12843 
12945 
13047 
13150 
13253 
13356 
13459 
13562 
13665 
13768 
13906 
14009 
14112 
14216 
14320 
14424 
14528 
14632 
14736 
14840 
14944 
15048 
15152 
15257 
15365 
15467 
15572 
15677 
15782 
15887 
16029 
16134 
16240 
16346 
16452 
16558 
16664 
16770 
